# ccx tau_xx tau_yy tau_zz cp yplus
0.997359 -1.95044e-07 -9.78978e-07 -2.0934e-20 -0.324882 0.397179
0.991772 9.69654e-07 4.61684e-07 -2.54881e-20 -0.295343 0.500331
0.985744 4.63555e-06 1.27915e-06 -1.30133e-20 -0.323475 1.11165
0.9796 2.9257e-06 7.57489e-07 -1.32442e-20 -0.31516 0.880193
0.973534 3.76879e-06 1.0145e-06 -1.34491e-20 -0.324933 0.982421
0.967576 3.46846e-06 9.88285e-07 0 -0.324533 0.928612
0.961703 3.75948e-06 1.06307e-06 -1.38032e-20 -0.330223 0.953733
0.955894 3.5656e-06 9.98596e-07 -3.41061e-24 -0.332213 0.917953
0.950133 3.48243e-06 9.4579e-07 1.72192e-41 -0.335921 0.89731
0.944423 3.31611e-06 8.98977e-07 -6.97813e-24 -0.337676 0.864615
0.938767 3.29608e-06 8.87887e-07 -2.88938e-20 -0.340439 0.851044
0.933162 3.23491e-06 8.70376e-07 -1.45703e-20 -0.342464 0.832235
0.927605 3.26037e-06 8.73808e-07 -1.47143e-20 -0.344956 0.824597
0.922092 3.23195e-06 8.50337e-07 -7.25292e-24 -0.347345 0.811414
0.916623 3.24366e-06 8.49706e-07 1.4985e-20 -0.349692 0.802431
0.911193 3.23825e-06 8.28273e-07 6.70032e-37 -0.352254 0.792794
0.9058 3.23131e-06 8.23939e-07 8.81621e-39 -0.354621 0.781905
0.900445 3.24671e-06 8.17095e-07 -7.67465e-21 -0.357202 0.774366
0.895127 3.25123e-06 8.14775e-07 7.7335e-21 -0.359736 0.765171
0.889847 3.26966e-06 8.12225e-07 7.7925e-21 -0.362377 0.757899
0.884601 3.27301e-06 8.0733e-07 -6.88766e-41 -0.365074 0.748945
0.879391 3.29596e-06 8.09135e-07 7.90672e-21 -0.367765 0.742025
0.874214 3.3004e-06 7.98037e-07 1.55517e-23 -0.370654 0.733917
0.86907 3.30537e-06 7.97024e-07 -8.01823e-21 -0.373405 0.725098
0.863957 3.32727e-06 7.92074e-07 8.04189e-21 -0.376376 0.718828
0.858875 3.3207e-06 7.81398e-07 -8.09514e-21 -0.379329 0.709645
0.853823 3.34198e-06 7.83226e-07 8.14885e-21 -0.382299 0.702843
0.848799 3.35179e-06 7.69972e-07 3.21605e-23 -0.385462 0.696121
0.843803 3.34105e-06 7.61207e-07 -1.61855e-23 -0.388551 0.686661
0.838839 3.36695e-06 7.63431e-07 -8.34553e-21 -0.391713 0.680591
0.833903 3.37098e-06 7.48334e-07 1.17549e-38 -0.395058 0.673709
0.828993 3.36153e-06 7.41414e-07 -1.65001e-23 -0.398308 0.664607
0.824111 3.38299e-06 7.42492e-07 1.70143e-20 -0.401683 0.658341
0.819255 3.38705e-06 7.29994e-07 -8.56519e-21 -0.405183 0.651525
0.814422 3.37894e-06 7.22656e-07 -8.56391e-21 -0.40867 0.64295
0.809619 3.39116e-06 7.21717e-07 -8.67354e-21 -0.412228 0.636042
0.804843 3.39562e-06 7.13374e-07 8.70897e-21 -0.415919 0.629115
0.800093 3.39117e-06 7.04236e-07 -8.75686e-21 -0.419623 0.621386
0.795366 3.38965e-06 7.0072e-07 1.71954e-23 -0.42342 0.613471
0.790663 3.40387e-06 6.9744e-07 -1.72888e-23 -0.427272 0.607231
0.785985 3.39176e-06 6.81213e-07 -4.70198e-38 -0.431316 0.599725
0.781334 3.38852e-06 6.76585e-07 -1.79242e-20 -0.435245 0.591941
0.776706 3.39197e-06 6.73287e-07 3.17383e-37 -0.439453 0.584806
0.7721 3.39464e-06 6.58729e-07 -1.76836e-23 -0.443612 0.578841
0.767515 3.37306e-06 6.44596e-07 -9.08918e-21 -0.448027 0.570571
0.762955 3.37435e-06 6.39375e-07 9.14623e-21 -0.452275 0.563557
0.75842 3.37362e-06 6.34662e-07 3.69155e-28 -0.456932 0.556453
0.753904 3.3665e-06 6.08321e-07 1.80725e-23 -0.461443 0.551164
0.749406 3.34134e-06 5.97765e-07 9.30587e-21 -0.46629 0.542615
0.744935 3.34314e-06 5.91447e-07 -2.93874e-39 -0.470937 0.536064
0.740486 3.33429e-06 5.83912e-07 -1.76324e-38 -0.476083 0.528844
0.736054 3.31908e-06 5.5452e-07 -9.4495e-21 -0.481006 0.523593
0.731643 3.29773e-06 5.45631e-07 -9.50826e-21 -0.486349 0.515604
0.727256 3.29042e-06 5.3718e-07 -6.61216e-37 -0.491482 0.508767
0.72289 3.2763e-06 5.28462e-07 0 -0.497127 0.501523
0.71854 3.25083e-06 4.99649e-07 1.67214e-36 -0.502565 0.495677
0.714212 3.23502e-06 4.90554e-07 9.69337e-21 -0.508416 0.488554
0.709908 3.21306e-06 4.79305e-07 1.90513e-23 -0.514153 0.481032
0.705622 3.19698e-06 4.6922e-07 -1.91323e-23 -0.520295 0.474031
0.701355 3.15592e-06 4.42468e-07 1.92479e-23 -0.526389 0.466882
0.697109 3.14372e-06 4.29581e-07 4.9531e-21 -0.532749 0.460738
0.692883 3.10223e-06 4.14789e-07 4.97347e-21 -0.539239 0.452211
0.688675 3.08722e-06 4.02247e-07 1.09385e-27 -0.545881 0.44568
0.684489 3.02191e-06 3.75874e-07 2.8026e-45 -0.552816 0.436688
0.680321 3.00415e-06 3.54085e-07 1.32243e-38 -0.55968 0.431318
0.676169 2.94816e-06 3.37412e-07 -1.01399e-20 -0.567091 0.422224
0.672039 2.92492e-06 3.21129e-07 5.10525e-21 -0.574269 0.415525
0.667931 2.85872e-06 3.01808e-07 -4.34933e-37 -0.582186 0.40588
0.663836 2.76196e-06 2.57266e-07 1.02903e-20 -0.589726 0.396759
0.65976 2.75995e-06 2.42126e-07 -1.76324e-38 -0.597883 0.392029
0.655705 2.67504e-06 2.16712e-07 -2.03162e-23 -0.60612 0.381403
0.651666 2.64465e-06 1.96357e-07 4.07878e-23 -0.614592 0.374746
0.647646 2.51021e-06 1.59428e-07 -4.10408e-23 -0.623468 0.361653
0.643644 2.42654e-06 1.21735e-07 5.27753e-21 -0.632149 0.353308
0.639657 2.39049e-06 1.00403e-07 5.31746e-21 -0.641499 0.346656
0.635688 2.30828e-06 7.53214e-08 -5.88528e-37 -0.650871 0.336715
0.631741 2.23212e-06 4.86822e-08 5.33283e-21 -0.6607 0.327267
0.627809 2.05963e-06 9.71657e-09 5.39442e-21 -0.670674 0.311797
0.623892 1.97677e-06 -2.59243e-08 -2.11121e-23 -0.680718 0.303051
0.619996 1.907e-06 -5.36858e-08 -5.40935e-21 -0.691343 0.294299
0.616115 1.81312e-06 -8.21989e-08 -5.4499e-21 -0.702102 0.283721
0.612252 1.69549e-06 -1.1045e-07 1.01019e-39 -0.713383 0.271267
0.608408 1.49361e-06 -1.50217e-07 -5.50803e-21 -0.724795 0.25252
0.604579 1.38198e-06 -1.86316e-07 5.52732e-21 -0.736379 0.240982
0.600766 1.2927e-06 -2.18605e-07 1.46937e-39 -0.748563 0.230664
0.596973 1.16415e-06 -2.58282e-07 0 -0.761033 0.216798
0.593195 1.02204e-06 -2.99444e-07 5.60468e-21 -0.773968 0.20152
0.589435 7.4746e-07 -3.49558e-07 1.46937e-38 -0.787311 0.173112
0.585692 5.42779e-07 -3.90614e-07 -5.664e-21 -0.80048 0.151135
0.581962 4.75828e-07 -4.28468e-07 -8.08152e-39 -0.814419 0.144049
0.578251 2.35218e-07 -4.76101e-07 -9.84477e-38 -0.829008 0.123477
0.574558 1.41233e-07 -5.27434e-07 5.74238e-21 -0.843387 0.122121
0.57088 -3.20203e-07 -6.02112e-07 -5.78392e-21 -0.859659 0.143653
0.567217 -7.30334e-07 -6.75319e-07 2.26538e-23 -0.873751 0.180902
0.563571 -7.40585e-07 -7.18504e-07 -5.82058e-21 -0.889819 0.181856
0.559938 -1.0419e-06 -7.81627e-07 5.87747e-39 -0.906175 0.205093
0.556324 -1.18686e-06 -8.44522e-07 0 -0.922655 0.215211
0.552728 -1.66211e-06 -9.26279e-07 0 -0.94083 0.245766
0.549143 -2.30017e-06 -1.00147e-06 -3.67342e-40 -0.957495 0.283005
0.545574 -2.52832e-06 -1.05798e-06 -2.97697e-21 -0.97458 0.294247
0.542022 -2.67672e-06 -1.1184e-06 -3.67342e-39 -0.992553 0.299795
0.538484 -3.03355e-06 -1.18102e-06 1.56896e-39 -1.01151 0.314869
0.534963 -3.17657e-06 -1.26279e-06 1.36318e-39 -1.0299 0.319406
0.531459 -4.00448e-06 -1.3426e-06 -2.36245e-23 -1.05166 0.352525
0.527966 -4.69789e-06 -1.39574e-06 2.37277e-23 -1.06834 0.380267
0.52449 -4.68927e-06 -1.46103e-06 -6.1324e-21 -1.08861 0.376965
0.521029 -5.04017e-06 -1.52879e-06 2.39363e-23 -1.10869 0.386833
0.517583 -5.34695e-06 -1.60291e-06 3.05413e-21 -1.12973 0.394557
0.514153 -5.73368e-06 -1.69398e-06 2.41712e-23 -1.15125 0.404578
0.510739 -6.60347e-06 -1.76465e-06 2.42399e-23 -1.17404 0.429885
0.507337 -7.18686e-06 -1.8168e-06 3.07e-21 -1.19364 0.446605
0.503952 -7.30787e-06 -1.89407e-06 2.4481e-23 -1.21603 0.446583
0.500581 -7.70246e-06 -1.9691e-06 -3.14307e-21 -1.23866 0.454213
0.497225 -8.05806e-06 -2.05658e-06 -3.18563e-21 -1.262 0.460382
0.493886 -8.59437e-06 -2.15731e-06 3.19851e-21 -1.28644 0.470994
0.490559 -9.62112e-06 -2.21978e-06 3.18269e-21 -1.31122 0.494467
0.487247 -1.0229e-05 -2.26988e-06 -3.22741e-21 -1.33295 0.507888
0.483951 -1.04006e-05 -2.35952e-06 -3.18933e-21 -1.3576 0.507934
0.480666 -1.08403e-05 -2.44393e-06 1.83671e-39 -1.38266 0.514027
0.477399 -1.12705e-05 -2.54307e-06 -1.74823e-37 -1.40856 0.519606
0.474148 -1.18634e-05 -2.6645e-06 -2.54344e-23 -1.43562 0.528451
0.470907 -1.3235e-05 -2.71483e-06 3.29099e-21 -1.46377 0.554078
0.467683 -1.40567e-05 -2.73822e-06 3.28696e-21 -1.48612 0.570075
0.464473 -1.41511e-05 -2.84141e-06 -3.32315e-21 -1.51286 0.567572
0.461275 -1.4614e-05 -2.93121e-06 2.58598e-23 -1.53979 0.572061
0.458093 -1.51408e-05 -3.02532e-06 6.66052e-21 -1.56803 0.57747
0.454926 -1.55119e-05 -3.18644e-06 -1.90283e-37 -1.59632 0.579991
0.451772 -1.73423e-05 -3.23089e-06 -3.35211e-21 -1.63006 0.607733
0.448632 -1.86614e-05 -3.17552e-06 1.63008e-39 -1.65092 0.631788
0.445505 -1.85204e-05 -3.30444e-06 -3.38256e-21 -1.67925 0.624939
0.442391 -1.90202e-05 -3.39137e-06 3.38449e-21 -1.70738 0.628471
0.439293 -1.95225e-05 -3.4866e-06 -3.41657e-21 -1.73703 0.631849
0.436209 -1.99291e-05 -3.64203e-06 -3.42733e-21 -1.76693 0.633709
0.433138 -2.14502e-05 -3.7182e-06 -3.42835e-21 -1.80174 0.651975
0.430082 -2.31768e-05 -3.64768e-06 3.47261e-21 -1.82766 0.677322
0.427038 -2.35205e-05 -3.70839e-06 -1.35573e-23 -1.8543 0.679961
0.424006 -2.37967e-05 -3.8132e-06 1.21113e-39 -1.88367 0.679187
0.42099 -2.4283e-05 -3.90972e-06 -1.36935e-23 -1.91398 0.681243
0.417988 -2.48381e-05 -4.02191e-06 3.53091e-21 -1.94544 0.684116
0.414998 -2.54901e-05 -4.1911e-06 1.37998e-23 -1.97827 0.688231
0.412024 -2.76756e-05 -4.16171e-06 1.76103e-21 -2.01464 0.712632
0.409061 -2.90456e-05 -4.04872e-06 -1.78075e-21 -2.03693 0.731427
0.40611 -2.89037e-05 -4.20029e-06 6.75909e-38 -2.06745 0.725056
0.403175 -2.94289e-05 -4.28672e-06 1.40544e-23 -2.09803 0.726798
0.400253 -2.99596e-05 -4.38645e-06 -2.07042e-27 -2.13012 0.728505
0.397343 -3.04864e-05 -4.53611e-06 3.61456e-21 -2.16297 0.730138
0.394449 -3.18311e-05 -4.63059e-06 -4.04076e-39 -2.1997 0.740999
0.391567 -3.3892e-05 -4.52544e-06 -9.64273e-38 -2.2312 0.762762
0.388696 -3.46806e-05 -4.50742e-06 1.82313e-21 -2.25742 0.770557
0.38584 -3.48179e-05 -4.63832e-06 1.44311e-23 -2.28883 0.767467
0.382997 -3.53623e-05 -4.73007e-06 1.83899e-21 -2.32093 0.768719
0.380167 -3.59657e-05 -4.83066e-06 1.87709e-21 -2.35432 0.770511
0.377351 -3.65072e-05 -4.99765e-06 -1.87241e-21 -2.38855 0.77165
0.374548 -3.81936e-05 -5.04244e-06 -3.00901e-27 -2.42758 0.784223
0.371756 -4.01071e-05 -4.90782e-06 2.29589e-41 -2.45708 0.802687
0.368978 -4.06026e-05 -4.95798e-06 -1.4819e-23 -2.48647 0.80516
0.366214 -4.09471e-05 -5.07525e-06 1.9187e-21 -2.51922 0.803994
0.36346 -4.15446e-05 -5.1718e-06 3.67342e-39 -2.55297 0.80521
0.360722 -4.22105e-05 -5.27671e-06 1.50269e-23 -2.58787 0.806998
0.357997 -4.28143e-05 -5.44876e-06 -1.50818e-23 -2.62384 0.808194
0.355282 -4.45941e-05 -5.48279e-06 1.51305e-23 -2.66463 0.819915
0.352582 -4.65076e-05 -5.34399e-06 -2.15031e-27 -2.69532 0.836234
0.349895 -4.70084e-05 -5.4105e-06 1.94091e-21 -2.72677 0.837966
0.347218 -4.74347e-05 -5.53275e-06 -1.53386e-23 -2.76145 0.837272
0.344555 -4.80864e-05 -5.6388e-06 -1.96061e-21 -2.79729 0.838482
0.341907 -4.88095e-05 -5.75598e-06 -3.34444e-27 -2.83451 0.840235
0.339269 -4.94649e-05 -5.95966e-06 3.98241e-21 -2.87317 0.841422
0.336644 -5.15772e-05 -6.00291e-06 -1.56313e-23 -2.91789 0.854415
0.334033 -5.4318e-05 -5.74438e-06 4.02029e-21 -2.9509 0.876388
0.331433 -5.50568e-05 -5.72132e-06 2.03354e-21 -2.97939 0.881415
0.328844 -5.51796e-05 -5.88259e-06 1.58405e-23 -3.01448 0.878138
0.326269 -5.57804e-05 -5.99125e-06 -1.59349e-23 -3.05083 0.878585
0.323707 -5.64636e-05 -6.11728e-06 -3.52536e-27 -3.08908 0.879629
0.321156 -5.71449e-05 -6.32365e-06 -2.05508e-21 -3.12919 0.880665
0.318618 -5.88876e-05 -6.50336e-06 2.06781e-21 -3.17532 0.889615
0.316094 -6.33173e-05 -6.08033e-06 2.05745e-21 -3.21868 0.920949
0.313579 -6.52008e-05 -5.6882e-06 1.05713e-21 -3.23431 0.938592
0.311076 -6.44194e-05 -5.96657e-06 3.0719e-38 -3.26712 0.929096
0.308588 -6.4858e-05 -6.05623e-06 1.64422e-23 -3.30044 0.928271
0.30611 -6.53711e-05 -6.17408e-06 -1.07313e-21 -3.33641 0.927967
0.303644 -6.60758e-05 -6.30402e-06 -9.49123e-38 -3.37416 0.928977
0.301191 -6.63004e-05 -6.72885e-06 -1.06787e-21 -3.41435 0.926834
0.298752 -7.16322e-05 -6.35511e-06 -3.21424e-40 -3.47373 0.958761
0.296321 -7.56559e-05 -5.4616e-06 -3.1821e-38 -3.47826 0.992724
0.293903 -7.44062e-05 -5.74729e-06 -1.08094e-21 -3.50375 0.982614
0.291498 -7.44971e-05 -5.84379e-06 1.08671e-21 -3.5317 0.979673
0.289105 -7.48181e-05 -5.9372e-06 -1.70511e-23 -3.56226 0.978237
0.286722 -7.53838e-05 -6.03389e-06 -1.09595e-21 -3.59439 0.978383
0.284352 -7.59607e-05 -6.20477e-06 2.88567e-27 -3.62841 0.978621
0.281996 -7.76233e-05 -6.30239e-06 2.23212e-21 -3.66799 0.985695
0.27965 -8.13528e-05 -5.88768e-06 3.67342e-39 -3.70298 1.00784
0.277314 -8.28507e-05 -5.56435e-06 -1.11689e-21 -3.71642 1.01907
0.274992 -8.23186e-05 -5.78754e-06 1.12371e-21 -3.74392 1.01259
0.272682 -8.28171e-05 -5.84489e-06 -1.1199e-21 -3.77154 1.0124
0.270383 -8.33727e-05 -5.92098e-06 1.1248e-21 -3.80088 1.01254
0.268095 -8.40531e-05 -5.99769e-06 -1.14883e-21 -3.83119 1.01343
0.265821 -8.473e-05 -6.11538e-06 8.95571e-24 -3.86279 1.01428
0.263558 -8.61816e-05 -6.12917e-06 1.15093e-21 -3.89776 1.01965
0.261305 -8.78039e-05 -6.01183e-06 -2.75506e-40 -3.92638 1.0274
0.259064 -8.8439e-05 -6.04794e-06 1.42348e-27 -3.95468 1.02887
0.256836 -8.89088e-05 -6.15302e-06 2.93874e-39 -3.98636 1.02848
0.25462 -8.95742e-05 -6.23954e-06 2.33939e-21 -4.01935 1.02921
0.252414 -9.0272e-05 -6.33699e-06 9.2163e-24 -4.05409 1.03011
0.25022 -9.09716e-05 -6.46154e-06 -9.26672e-24 -4.09068 1.031
0.248038 -9.14824e-05 -6.75142e-06 1.96154e-27 -4.13046 1.03088
0.245868 -9.54703e-05 -6.52505e-06 1.49092e-27 -4.18284 1.04978
0.243708 -9.89065e-05 -5.88468e-06 2.41378e-21 -4.19986 1.07128
0.241559 -9.82745e-05 -6.02139e-06 -6.04306e-22 -4.22675 1.06684
0.239423 -9.79603e-05 -6.18697e-06 1.22578e-21 -4.2606 1.06238
0.237299 -9.79671e-05 -6.3367e-06 -6.20645e-22 -4.29847 1.05966
0.235185 -9.80323e-05 -6.53718e-06 -1.22808e-21 -4.34146 1.05729
0.233081 -9.8307e-05 -6.82512e-06 -6.16977e-22 -4.39142 1.05605
0.23099 -9.83661e-05 -7.69259e-06 6.20545e-22 -4.45102 1.05393
0.228911 -0.000112678 -6.46152e-06 1.94462e-38 -4.55596 1.12437
0.226842 -0.000123692 -3.27055e-06 9.32704e-42 -4.50933 1.19882
0.224783 -0.000118667 -3.62192e-06 -9.79193e-24 -4.50326 1.17919
0.222734 -0.00011533 -3.99165e-06 9.85359e-24 -4.51902 1.16092
0.220698 -0.000113449 -4.21335e-06 -3.17508e-22 -4.54319 1.14982
0.218674 -0.000112102 -4.47899e-06 -3.29189e-22 -4.57697 1.1414
0.21666 -0.000111584 -4.79511e-06 -3.10849e-22 -4.62113 1.13715
0.214657 -0.000109494 -6.20611e-06 -9.05728e-39 -4.67594 1.1252
0.212664 -0.000129764 -4.34029e-06 3.95395e-38 -4.82024 1.22267
0.210684 -0.000151807 1.97355e-06 1.00936e-23 -4.7374 1.35493
0.208714 -0.000145807 2.72533e-06 -1.01384e-23 -4.64401 1.34641
0.206755 -0.000136103 1.4918e-06 -1.63404e-22 -4.62634 1.30121
0.204807 -0.000131814 1.17316e-06 1.6451e-22 -4.61654 1.28105
0.202869 -0.000128314 7.65346e-07 1.55182e-22 -4.62065 1.26436
0.200943 -0.00012574 3.57968e-07 1.04224e-23 -4.63718 1.252
0.199029 -0.000122844 -8.04041e-07 -1.67658e-22 -4.66935 1.2379
0.197126 -0.000133927 -1.6358e-07 -1.67566e-22 -4.76652 1.29285
0.195233 -0.000164803 6.86916e-06 1.04521e-23 -4.78531 1.45542
0.193352 -0.000168554 1.18306e-05 6.19275e-27 -4.56543 1.50982
0.191482 -0.000150802 8.70673e-06 -2.11657e-23 -4.52755 1.4303
0.189624 -0.000145843 8.39884e-06 -6.72734e-22 -4.47722 1.40959
0.187778 -0.000140743 7.78688e-06 0 -4.44838 1.38746
0.185942 -0.0001369 7.28193e-06 -4.59177e-41 -4.42631 1.37106
0.184116 -0.000133248 6.6467e-06 -6.8619e-22 -4.42177 1.35516
0.182301 -0.000128612 4.90124e-06 -7.21942e-22 -4.43397 1.33366
0.180496 -0.000158042 9.9434e-06 1.08805e-23 -4.56498 1.48216
0.178705 -0.000172969 1.81498e-05 1.40048e-21 -4.30942 1.59371
0.176927 -0.000153888 1.4677e-05 -3.42562e-27 -4.25035 1.50984
0.17516 -0.000147609 1.4023e-05 1.42284e-21 -4.18578 1.48351
0.173403 -0.000141344 1.31141e-05 1.12009e-23 -4.14253 1.45612
0.171657 -0.000136807 1.24735e-05 -2.25609e-23 -4.11136 1.43692
0.169921 -0.000132851 1.17657e-05 2.90755e-21 -4.09113 1.42014
0.168195 -0.000128703 1.0607e-05 1.14264e-23 -4.0904 1.40163
0.166479 -0.000138543 1.17179e-05 -1.45932e-21 -4.15055 1.45878
0.164776 -0.000172004 2.05822e-05 5.6766e-24 -4.15481 1.64677
0.163089 -0.000175753 2.6706e-05 -5.69743e-24 -3.88051 1.70306
0.161415 -0.000153791 2.19672e-05 1.47403e-21 -3.81737 1.59879
0.15975 -0.000147515 2.11753e-05 1.83671e-39 -3.73344 1.57291
0.158097 -0.000140473 1.99111e-05 7.34684e-40 -3.67436 1.54137
0.156453 -0.000135323 1.901e-05 -1.51868e-21 -3.62541 1.51919
0.154819 -0.000131202 1.81898e-05 -7.90927e-28 -3.59066 1.50197
0.153196 -0.000126844 1.70353e-05 5.98471e-24 -3.56743 1.48254
0.151582 -0.000141452 1.99971e-05 3.05064e-21 -3.61772 1.57282
0.149982 -0.000163321 2.78839e-05 -7.78765e-38 -3.51337 1.71464
0.148397 -0.000158185 2.96895e-05 5.99289e-24 -3.33153 1.71027
0.146825 -0.000143333 2.63588e-05 -1.5561e-21 -3.25828 1.63565
0.145263 -0.000137246 2.52582e-05 -6.11496e-24 -3.17996 1.60878
0.143711 -0.000131248 2.40231e-05 1.58451e-21 -3.11813 1.581
0.142169 -0.000126568 2.30704e-05 -1.59092e-21 -3.06507 1.56015
0.140637 -0.000122726 2.22319e-05 -1.60291e-21 -3.0224 1.54363
0.139114 -0.000119097 2.13766e-05 3.15914e-38 -2.98909 1.52776
0.137602 -0.000127917 2.34534e-05 6.28591e-24 -2.99968 1.59145
0.136101 -0.000142413 2.88016e-05 -6.28712e-24 -2.91983 1.69647
0.134614 -0.000138582 2.99222e-05 -1.61341e-21 -2.78253 1.69035
0.13314 -0.00012699 2.7163e-05 1.80892e-27 -2.72236 1.62634
0.131676 -0.000122016 2.61234e-05 -6.45362e-24 -2.6579 1.60275
0.130221 -0.000116974 2.49719e-05 -1.65984e-21 -2.60632 1.57744
0.128776 -0.000112979 2.40679e-05 -1.68639e-21 -2.56186 1.55825
0.127341 -0.000109711 2.32946e-05 1.69269e-21 -2.5261 1.54328
0.125915 -0.000107239 2.26938e-05 -1.70357e-21 -2.49876 1.53339
0.124499 -0.000111144 2.37668e-05 -6.64172e-24 -2.49675 1.56926
0.123094 -0.000131323 2.97056e-05 6.60171e-24 -2.48667 1.71845
0.121705 -0.000133735 3.35865e-05 -1.69328e-21 -2.3116 1.75302
0.120329 -0.000117825 2.94149e-05 -1.72071e-21 -2.26398 1.65414
0.118963 -0.000113518 2.84377e-05 -6.79596e-24 -2.19767 1.63294
0.117607 -0.000108174 2.70651e-05 -1.75591e-21 -2.14759 1.60278
0.116259 -0.000104298 2.61061e-05 0 -2.1022 1.58241
0.114921 -0.000100947 2.52397e-05 3.57103e-21 -2.06452 1.56509
0.113593 -9.8505e-05 2.45791e-05 0 -2.03307 1.55415
0.112273 -9.64997e-05 2.42618e-05 -3.61579e-21 -2.00971 1.54664
0.110963 -0.000110203 2.79218e-05 -1.56463e-27 -2.02602 1.66187
0.109666 -0.000118608 3.2479e-05 7.03865e-24 -1.90946 1.73738
0.108384 -0.000109559 3.09289e-05 1.81496e-21 -1.83901 1.68029
0.107113 -0.000103049 2.91597e-05 0 -1.78544 1.63891
0.10585 -9.86045e-05 2.79269e-05 -3.70927e-21 -1.73734 1.61222
0.104597 -9.4844e-05 2.68704e-05 -1.87171e-21 -1.6953 1.58994
0.103354 -9.16983e-05 2.59895e-05 7.37504e-24 -1.65848 1.5719
0.102119 -8.91941e-05 2.52967e-05 1.89565e-21 -1.62663 1.55867
0.100893 -8.74107e-05 2.48088e-05 7.48929e-24 -1.5993 1.55125
0.0996756 -8.64381e-05 2.48151e-05 2.0102e-28 -1.57884 1.5513
0.0984672 -0.000100012 2.83332e-05 1.89592e-21 -1.58747 1.67671
0.0972726 -0.000104154 3.19929e-05 1.91613e-21 -1.47072 1.72049
0.096092 -9.20753e-05 2.8551e-05 -1.94519e-21 -1.43958 1.62688
0.0949203 -8.92552e-05 2.77386e-05 3.83589e-24 -1.39404 1.61077
0.0937573 -8.53851e-05 2.65696e-05 1.9828e-21 -1.35892 1.58413
0.0926031 -8.26481e-05 2.57465e-05 2.00064e-21 -1.32642 1.56698
0.0914575 -8.02425e-05 2.50321e-05 -2.01751e-21 -1.29836 1.5523
0.0903205 -7.84807e-05 2.45245e-05 -2.0334e-21 -1.27394 1.54331
0.0891921 -7.74299e-05 2.42677e-05 -2.0465e-21 -1.2533 1.54109
0.0880721 -7.73788e-05 2.46484e-05 2.93874e-39 -1.23919 1.54949
0.0869606 -9.14205e-05 2.84822e-05 3.94783e-24 -1.24867 1.69134
0.0858637 -9.60603e-05 3.23642e-05 2.03184e-21 -1.14439 1.73829
0.0847815 -8.44947e-05 2.89874e-05 2.06564e-21 -1.11515 1.63971
0.0837081 -8.16828e-05 2.80763e-05 -2.0922e-21 -1.07417 1.62106
0.082643 -7.8037e-05 2.68826e-05 2.11355e-21 -1.04195 1.59315
0.0815863 -7.54464e-05 2.60272e-05 2.13372e-21 -1.01186 1.57489
0.0805377 -7.31261e-05 2.527e-05 9.18355e-41 -0.985363 1.55872
0.0794974 -7.13044e-05 2.4685e-05 2.17099e-21 -0.961659 1.54727
0.0784655 -6.9987e-05 2.42887e-05 -1.91018e-37 -0.940605 1.54093
0.0774422 -6.94875e-05 2.43423e-05 -2.1966e-21 -0.922697 1.5439
0.0764268 -7.41647e-05 2.59236e-05 -4.38321e-21 -0.913353 1.60284
0.0754218 -7.8275e-05 2.7917e-05 4.29933e-24 -0.871597 1.65063
0.0744291 -7.53847e-05 2.75603e-05 2.21236e-21 -0.830107 1.62583
0.0734462 -7.09829e-05 2.61172e-05 4.38156e-24 -0.803705 1.58624
0.0724719 -6.8754e-05 2.53322e-05 2.27189e-21 -0.77679 1.56919
0.071506 -6.65463e-05 2.45626e-05 -2.23725e-24 -0.753171 1.55172
0.070548 -6.4743e-05 2.39366e-05 -2.93874e-39 -0.731509 1.5383
0.0695978 -6.32101e-05 2.3413e-05 -2.33131e-21 -0.711957 1.5276
0.0686553 -6.20252e-05 2.30249e-05 -2.35232e-21 -0.694216 1.52075
0.0677209 -6.1397e-05 2.28738e-05 2.36942e-21 -0.678457 1.52062
0.0667947 -6.1604e-05 2.32229e-05 0 -0.665079 1.53143
0.065876 -6.73539e-05 2.51242e-05 2.29727e-24 -0.657886 1.60792
0.0649682 -6.92005e-05 2.64889e-05 -2.31859e-24 -0.612193 1.62967
0.064072 -6.36452e-05 2.4783e-05 -2.40526e-21 -0.593086 1.57099
0.0631844 -6.18824e-05 2.413e-05 -2.43939e-21 -0.570594 1.55657
0.0623046 -5.98487e-05 2.33952e-05 -2.45866e-21 -0.551544 1.5383
0.0614322 -5.83188e-05 2.28415e-05 -2.42564e-24 -0.53385 1.52582
0.0605678 -5.70092e-05 2.23774e-05 -2.50891e-21 -0.51789 1.51579
0.0597114 -5.59956e-05 2.20339e-05 5.05886e-21 -0.503393 1.50938
0.0588623 -5.54113e-05 2.18784e-05 -2.54698e-21 -0.490534 1.50862
0.0580206 -5.53312e-05 2.19586e-05 -2.56048e-21 -0.479307 1.51482
0.0571866 -5.62911e-05 2.26838e-05 1.248e-24 -0.47035 1.53614
0.0563601 -6.3523e-05 2.51605e-05 -9.36378e-38 -0.466748 1.63732
0.055545 -6.61622e-05 2.70097e-05 1.24402e-24 -0.421837 1.66512
0.0547426 -6.00967e-05 2.51323e-05 -1.89874e-24 -0.403904 1.59469
0.0539485 -5.82043e-05 2.43817e-05 -2.62581e-21 -0.382777 1.57661
0.0531616 -5.61137e-05 2.35699e-05 -2.65664e-21 -0.364717 1.55537
0.0523824 -5.45345e-05 2.29479e-05 -2.68716e-21 -0.347805 1.54039
0.0516105 -5.31392e-05 2.24044e-05 -4.42006e-29 -0.332321 1.5275
0.0508458 -5.19772e-05 2.19568e-05 6.68694e-25 -0.318005 1.51753
0.0500886 -5.10479e-05 2.16055e-05 -2.76406e-21 -0.304726 1.51061
0.0493383 -5.03617e-05 2.13751e-05 1.83671e-40 -0.292345 1.50717
0.0485952 -5.01505e-05 2.14261e-05 -2.80101e-21 -0.281072 1.51109
0.0478593 -5.1651e-05 2.20698e-05 8.54652e-26 -0.271734 1.53996
0.0471312 -5.35594e-05 2.28797e-05 -1.40681e-21 -0.255143 1.5703
0.0464128 -5.26622e-05 2.2829e-05 -2.83835e-21 -0.234798 1.55937
0.045703 -5.00737e-05 2.18916e-05 1.75529e-25 -0.222182 1.52784
0.0450006 -4.90401e-05 2.1454e-05 2.91068e-21 -0.208431 1.51831
0.0443053 -4.7845e-05 2.09745e-05 -3.59668e-25 -0.196202 1.50613
0.0436171 -4.69027e-05 2.05962e-05 1.48591e-21 -0.184683 1.49748
0.042936 -4.60919e-05 2.02765e-05 -7.31468e-25 -0.173972 1.49067
0.0422619 -4.54414e-05 2.00267e-05 7.38617e-25 -0.163929 1.48622
0.0415947 -4.49571e-05 1.98659e-05 1.5237e-21 -0.154596 1.48442
0.0409343 -4.47427e-05 1.98541e-05 9.18355e-41 -0.146064 1.48716
0.0402807 -4.50237e-05 2.01357e-05 1.53825e-21 -0.138417 1.49847
0.0396337 -4.72427e-05 2.10446e-05 -4.99585e-38 -0.132003 1.54035
0.0389949 -4.90389e-05 2.1874e-05 1.50884e-24 -0.116646 1.56832
0.0383657 -4.78941e-05 2.17432e-05 -1.5227e-24 -0.101065 1.5517
0.0377447 -4.57265e-05 2.09347e-05 -2.93874e-39 -0.0907689 1.52294
0.0371306 -4.48113e-05 2.05371e-05 -1.60162e-21 -0.0797711 1.51348
0.0365235 -4.38034e-05 2.01216e-05 -1.61873e-21 -0.0699438 1.50234
0.035923 -4.30294e-05 1.98035e-05 1.63529e-21 -0.0606791 1.49483
0.0353293 -4.23781e-05 1.95415e-05 -1.65049e-21 -0.0520336 1.48922
0.0347422 -4.18598e-05 1.93431e-05 -1.62744e-24 -0.0439424 1.48579
0.0341616 -4.15019e-05 1.9235e-05 1.64182e-24 -0.0364657 1.48519
0.0335876 -4.13699e-05 1.92485e-05 -1.65213e-24 -0.0296032 1.48867
0.0330198 -4.15664e-05 1.9457e-05 1.69597e-21 -0.0233278 1.49831
0.0324585 -4.26816e-05 2.01166e-05 1.65335e-24 -0.0177571 1.52444
0.0319037 -4.55455e-05 2.12404e-05 -4.0178e-41 -0.0110636 1.57751
0.0313577 -4.60569e-05 2.17417e-05 -4.11423e-38 0.0058175 1.57993
0.0308208 -4.29568e-05 2.06532e-05 -1.73669e-21 0.0127361 1.5336
0.0302905 -4.24876e-05 2.04201e-05 -3.43881e-24 0.0222903 1.53037
0.0297666 -4.15552e-05 2.00338e-05 -3.56088e-21 0.0303279 1.51928
0.029249 -4.09737e-05 1.97909e-05 1.7568e-24 0.0380854 1.51409
0.0287379 -4.04604e-05 1.95848e-05 1.77497e-24 0.045271 1.51005
0.0282332 -4.00716e-05 1.94475e-05 -1.79129e-24 0.0519301 1.50826
0.0277346 -3.98069e-05 1.93821e-05 -1.849e-21 0.0580449 1.5088
0.0272421 -3.96924e-05 1.93922e-05 -1.05794e-37 0.0636464 1.51213
0.0267556 -3.97473e-05 1.94916e-05 -7.3282e-28 0.0687445 1.5187
0.0262752 -4.00502e-05 1.97429e-05 1.83412e-24 0.0733869 1.53023
0.0258007 -4.08794e-05 2.03113e-05 3.29035e-29 0.0775342 1.55205
0.0253319 -4.31273e-05 2.1273e-05 -9.34439e-22 0.081359 1.59828
0.0248706 -4.40907e-05 2.18191e-05 -2.93874e-39 0.0921927 1.61077
0.0244171 -4.28683e-05 2.15655e-05 -2.86986e-42 0.0974609 1.5956
0.0239699 -4.33238e-05 2.18721e-05 9.35502e-25 0.103844 1.6096
0.0235288 -4.37081e-05 2.21674e-05 9.59791e-22 0.109244 1.62262
0.0230938 -4.45156e-05 2.26648e-05 -9.62041e-22 0.114342 1.64331
0.0226647 -4.57126e-05 2.33753e-05 9.5919e-22 0.119094 1.67117
0.0222416 -4.74821e-05 2.4416e-05 -1.17549e-38 0.123678 1.70945
0.0218243 -5.01032e-05 2.59648e-05 -1.87348e-21 0.128299 1.76281
0.0214127 -5.40286e-05 2.82927e-05 -4.26628e-27 0.133426 1.83821
0.0210068 -5.98635e-05 3.18764e-05 2.93874e-39 0.139758 1.94441
0.0206064 -6.86239e-05 3.73941e-05 8.2735e-22 0.147916 2.09348
0.0202116 -8.15791e-05 4.53544e-05 7.65655e-22 0.159284 2.29512
0.0198222 -9.66681e-05 5.57527e-05 -5.87747e-39 0.183375 2.51883
0.0194382 -0.000112366 7.17662e-05 -6.19369e-22 0.217084 2.75152
0.0909477 -2.81674e-05 -2.93675e-06 -8.81638e-24 -0.454083 1.45438
0.10015 -2.57445e-05 -2.44036e-06 4.41534e-24 -0.411218 1.38565
0.109356 -2.65574e-05 -2.45126e-06 9.0474e-21 -0.402245 1.40334
0.118566 -2.76796e-05 -2.47691e-06 -4.41763e-24 -0.384924 1.42883
0.127784 -2.71478e-05 -2.00799e-06 -4.5164e-21 -0.397684 1.40668
0.13701 -2.53981e-05 -1.67519e-06 -4.53616e-21 -0.373368 1.35641
0.146239 -2.5877e-05 -1.62007e-06 2.32283e-38 -0.360267 1.36572
0.155472 -2.51824e-05 -1.33178e-06 -4.53616e-21 -0.357297 1.34219
0.16471 -2.41093e-05 -1.11361e-06 4.43447e-24 -0.338402 1.31005
0.173949 -2.36375e-05 -9.80539e-07 -2.27638e-21 -0.325877 1.29438
0.183191 -2.29535e-05 -8.73287e-07 4.55115e-21 -0.310487 1.27358
0.192433 -2.28651e-05 -8.62573e-07 -2.28322e-21 -0.294725 1.27007
0.201675 -2.28375e-05 -8.3403e-07 4.44261e-24 -0.285863 1.26796
0.210919 -2.26656e-05 -8.07616e-07 4.5483e-21 -0.275112 1.26213
0.220162 -2.26041e-05 -7.8936e-07 -2.27346e-21 -0.267381 1.2594
0.229406 -2.24925e-05 -7.74384e-07 2.27386e-21 -0.259687 1.2554
0.23865 -2.24578e-05 -7.71828e-07 2.22301e-24 -0.25323 1.25368
0.247894 -2.24963e-05 -7.81258e-07 4.55295e-21 -0.247705 1.25411
0.257137 -2.26661e-05 -7.94115e-07 -2.27648e-21 -0.243677 1.25815
0.266381 -2.26902e-05 -7.86337e-07 -2.22315e-24 -0.24216 1.25801
0.275625 -2.29267e-05 -7.94037e-07 -2.27423e-21 -0.238692 1.26381
0.28487 -2.28253e-05 -7.41162e-07 -8.29664e-38 -0.24159 1.25984
0.294115 -2.29361e-05 -7.31256e-07 -2.27675e-21 -0.236366 1.26211
0.30336 -2.27352e-05 -6.4331e-07 2.0663e-40 -0.241843 1.25522
0.312606 -2.26483e-05 -6.21839e-07 8.18807e-41 -0.234157 1.25212
0.321853 -2.24511e-05 -5.32471e-07 -2.22411e-24 -0.239593 1.24545
0.3311 -2.23114e-05 -5.13853e-07 4.4493e-24 -0.230755 1.241
0.340347 -2.21304e-05 -4.3277e-07 -2.22478e-24 -0.235632 1.23495
0.349595 -2.20097e-05 -4.20329e-07 -1.14048e-21 -0.226338 1.23115
0.358844 -2.18385e-05 -3.4551e-07 -1.2271e-29 -0.231053 1.22552
0.368092 -2.1731e-05 -3.39665e-07 1.14077e-21 -0.221463 1.22219
0.377341 -2.15983e-05 -2.71558e-07 1.13967e-21 -0.226135 1.21779
0.38659 -2.14877e-05 -2.70036e-07 1.1399e-21 -0.216805 1.21444
0.395839 -2.14205e-05 -2.13025e-07 -5.69956e-22 -0.221086 1.21204
0.405088 -2.1334e-05 -2.09317e-07 5.70041e-22 -0.212886 1.20941
0.414337 -2.12905e-05 -1.56144e-07 -5.70045e-22 -0.216791 1.2078
0.423587 -2.12027e-05 -1.4497e-07 -1.72192e-41 -0.209803 1.20516
0.432836 -2.11549e-05 -8.72193e-08 3.06408e-38 -0.213173 1.20353
0.442086 -2.09518e-05 -6.28815e-08 -6.56693e-39 -0.207369 1.19764
0.451335 -2.09216e-05 -9.64456e-09 -2.78445e-25 -0.208523 1.19666
0.460585 -2.06003e-05 2.7567e-08 7.15716e-23 -0.204716 1.18741
0.469835 -2.05659e-05 6.26703e-08 -8.70385e-27 -0.202151 1.18644
0.479084 -2.02841e-05 1.02282e-07 8.70471e-27 -0.200591 1.17836
0.488334 -2.02416e-05 1.21287e-07 -5.57782e-38 -0.195349 1.17725
0.497583 -2.00406e-05 1.5813e-07 1.72192e-41 -0.195536 1.17155
0.506833 -2.00622e-05 1.69671e-07 -5.70101e-22 -0.188905 1.17237
0.516082 -1.98407e-05 2.131e-07 -5.57288e-25 -0.191332 1.16615
0.525331 -1.99223e-05 2.18297e-07 5.57336e-25 -0.182689 1.16877
0.53458 -1.9678e-05 2.84743e-07 5.57358e-25 -0.188026 1.16203
0.543829 -1.95466e-05 2.85994e-07 -1.1149e-24 -0.177313 1.15845
0.553077 -1.94138e-05 3.55424e-07 1.14168e-21 -0.182148 1.15511
0.562325 -1.90777e-05 3.60443e-07 1.11522e-24 -0.172277 1.14548
0.571573 -1.90063e-05 4.1142e-07 1.56717e-29 -0.173469 1.14398
0.58082 -1.86762e-05 4.21647e-07 2.28341e-21 -0.166047 1.13453
0.590067 -1.85966e-05 4.52933e-07 -1.09585e-29 -0.163993 1.13275
0.599314 -1.83726e-05 4.66677e-07 -2.28504e-21 -0.158566 1.12651
0.60856 -1.82839e-05 4.90758e-07 2.28524e-21 -0.155093 1.12447
0.617806 -1.80881e-05 5.09035e-07 2.28547e-21 -0.15095 1.11913
0.627052 -1.79971e-05 5.34867e-07 -3.67342e-40 -0.146522 1.11709
0.636297 -1.77196e-05 5.61233e-07 -2.28594e-21 -0.143536 1.10935
0.645542 -1.7577e-05 5.8567e-07 2.23275e-24 -0.137189 1.10574
0.654786 -1.72178e-05 6.19398e-07 -2.23296e-24 -0.135008 1.09553
0.664029 -1.69782e-05 6.37761e-07 -2.28939e-21 -0.126274 1.08884
0.673271 -1.65596e-05 6.74306e-07 -2.28749e-21 -0.124063 1.0767
0.682512 -1.61986e-05 6.84558e-07 2.2346e-24 -0.113139 1.06595
0.691752 -1.56996e-05 7.17318e-07 9.18355e-41 -0.109893 1.05095
0.700991 -1.51691e-05 7.11163e-07 4.57939e-21 -0.0969174 1.03415
0.710229 -1.46164e-05 7.25716e-07 -3.14445e-37 -0.0912155 1.01663
0.719466 -1.39771e-05 6.925e-07 -4.5807e-21 -0.0767974 0.995046
0.728703 -1.35141e-05 6.74196e-07 4.58225e-21 -0.0678895 0.979378
0.73794 -1.3069e-05 6.31791e-07 4.58629e-21 -0.0536633 0.963616
0.747178 -1.25975e-05 5.8195e-07 4.25198e-37 -0.0442791 0.946439
0.756417 -1.24675e-05 5.34001e-07 -4.58472e-21 -0.0290015 0.94135
0.765657 -1.19402e-05 4.64273e-07 -4.4825e-24 -0.0230086 0.921146
0.774899 -1.21269e-05 3.96249e-07 -2.29568e-21 -0.00443802 0.926954
0.784144 -1.16947e-05 3.35401e-07 -4.59591e-21 -0.00493912 0.910053
0.79339 -1.18376e-05 1.99966e-07 1.15695e-21 0.0166023 0.912364
0.802638 -1.22478e-05 1.68027e-07 -4.48448e-24 0.0132785 0.927035
0.811887 -1.19187e-05 7.72189e-09 -1.58479e-29 0.0265669 0.910946
0.821136 -1.29064e-05 -7.52124e-08 -2.92696e-30 0.0302497 0.944721
0.830385 -1.25258e-05 -1.92644e-07 4.48421e-24 0.0288167 0.927985
0.839632 -1.32946e-05 -4.01121e-07 -8.96475e-24 0.0405727 0.949465
0.848877 -1.42414e-05 -5.12413e-07 4.48221e-24 0.0320752 0.978927
0.858117 -1.41908e-05 -6.96317e-07 -4.48126e-24 0.0329036 0.971773
0.867352 -1.53268e-05 -9.42664e-07 8.95842e-24 0.0318593 1.00214
0.876579 -1.63419e-05 -1.12878e-06 -4.47834e-24 0.0219759 1.02917
0.8858 -1.66207e-05 -1.33112e-06 4.4772e-24 0.0127436 1.03161
0.895011 -1.77403e-05 -1.64379e-06 9.15593e-21 0.00726274 1.0564
0.904212 -1.90203e-05 -1.92339e-06 4.47215e-24 -0.00969338 1.08602
0.913402 -2.00092e-05 -2.22321e-06 9.15731e-21 -0.0246855 1.10545
0.92258 -2.12613e-05 -2.57558e-06 9.15222e-21 -0.044264 1.12995
0.931746 -2.29942e-05 -3.0064e-06 9.14565e-21 -0.0653467 1.16435
0.940896 -2.48431e-05 -3.49665e-06 9.1368e-21 -0.0961989 1.19891
0.950034 -2.79879e-05 -4.03194e-06 9.12701e-21 -0.126123 1.26261
0.959165 -2.89485e-05 -4.33587e-06 -9.1223e-21 -0.187039 1.27827
0.968284 -3.38553e-05 -5.24998e-06 8.88635e-24 -0.203536 1.36662
0.977362 -3.75866e-05 -7.53131e-06 1.80498e-20 -0.31333 1.39998
0.986433 -8.30783e-05 -9.8633e-06 6.62685e-37 -0.27282 2.12375
0.99549 -4.95529e-05 1.01047e-05 -2.51113e-42 -1.27292 1.9922
0.0144265 -0.000126929 -9.19573e-05 1.17549e-38 -1.20508 4.01661
0.0149759 -0.000102171 -6.87004e-05 4.07135e-23 -1.12855 3.53924
0.0155818 -9.03142e-05 -5.86534e-05 -4.36994e-23 -1.10857 3.29014
0.0162498 -8.57772e-05 -5.36617e-05 1.83671e-40 -1.12686 3.17248
0.0169872 -9.58831e-05 -5.81303e-05 -5.13705e-40 -1.14211 3.3219
0.0178062 -0.000107986 -6.24324e-05 -2.1191e-38 -1.20478 3.48322
0.0187145 -0.000174561 -0.000105082 0 -1.16363 4.44071
0.0197831 -0.000174483 -7.53984e-05 -8.64365e-22 -1.92182 3.95664
0.0210318 -5.37583e-05 -1.17675e-05 -3.87393e-23 -1.45764 2.11114
0.0224127 -2.12458e-05 -9.27923e-07 -2.97527e-21 -1.3058 1.30248
0.0239445 -3.71341e-05 -7.76167e-06 4.24652e-23 -1.18214 1.74926
0.0256557 -2.8814e-05 -5.43035e-06 -2.93874e-39 -1.22819 1.48559
0.0275527 4.89613e-06 4.62046e-06 2.50268e-21 -1.09532 0.683675
0.0296324 7.53949e-06 4.08784e-06 3.67406e-23 -0.985905 0.789145
0.0319088 5.18563e-06 2.83721e-06 -3.37542e-23 -0.915618 0.652248
0.0343909 5.75732e-06 2.74795e-06 -3.60454e-39 -0.841277 0.678601
0.0370847 1.86649e-06 1.98198e-06 2.20405e-39 -0.763465 0.42711
0.0400015 -4.38282e-06 5.62346e-07 -3.40341e-21 -0.693396 0.565793
0.0431459 -1.07465e-05 -8.35846e-07 7.34684e-40 -0.638744 0.894723
0.0465258 -1.59198e-05 -1.94111e-06 -5.82915e-21 -0.600088 1.09221
0.0501596 -1.70033e-05 -2.03922e-06 -1.52462e-27 -0.576657 1.1271
0.0540751 -1.85563e-05 -2.27557e-06 -1.00241e-20 -0.535284 1.18002
0.0582714 -2.11818e-05 -2.79472e-06 9.176e-24 -0.51203 1.2643
0.0627244 -2.62607e-05 -3.77689e-06 -8.65095e-24 -0.481854 1.41185
0.0674384 -2.57042e-05 -3.22255e-06 -4.19747e-21 -0.504118 1.38927
0.0724882 -2.31819e-05 -2.66147e-06 -7.62939e-24 -0.460137 1.321
0.0778656 -2.50059e-05 -3.00071e-06 -5.96931e-39 -0.447998 1.37576
0.083483 -2.82137e-05 -3.52552e-06 6.9735e-24 -0.424202 1.46537
3.90869e-05 -5.04373e-06 -4.24522e-05 -6.07976e-22 0.891726 1.82883
0.000117261 -4.19653e-06 -3.60015e-05 3.90782e-23 0.88839 1.67807
0.000195435 -5.50728e-06 -4.14674e-05 -3.78832e-23 0.868661 1.80023
0.000273609 -6.3827e-06 -4.63206e-05 5.43075e-22 0.842276 1.90074
0.000351782 -8.78625e-06 -5.98745e-05 5.43279e-22 0.820117 2.16208
0.000467397 -1.25982e-05 -5.93893e-05 3.37515e-23 0.751082 2.20969
0.000622701 -1.16549e-05 -5.39578e-05 1.07322e-21 0.734521 2.10518
0.000780256 -1.31264e-05 -5.79661e-05 6.72029e-23 0.707715 2.18314
0.00093781 -1.48377e-05 -6.43385e-05 -3.22384e-23 0.674044 2.29978
0.00109536 -1.71905e-05 -7.31157e-05 1.46937e-39 0.634319 2.45153
0.00125292 -2.03986e-05 -8.39119e-05 8.75682e-22 0.582293 2.6274
0.00141047 -2.70191e-05 -0.000106962 -7.60157e-22 0.527345 2.97305
0.00160421 -3.8961e-05 -0.000118834 7.6716e-22 0.388817 3.22699
0.00188402 -4.17393e-05 -0.000101043 -1.60336e-27 0.253406 3.05232
0.00221373 -3.38125e-05 -7.67105e-05 8.96831e-44 0.286577 2.67362
0.00254343 -3.5025e-05 -7.48012e-05 2.93874e-39 0.264745 2.6585
0.00287314 -3.89982e-05 -8.10075e-05 1.69989e-21 0.227533 2.77883
0.00320284 -4.506e-05 -9.36412e-05 2.52328e-23 0.187264 2.99561
0.00354595 -5.10125e-05 -0.000100631 -2.05712e-38 0.100576 3.13736
0.00391987 -5.14874e-05 -9.40064e-05 1.58344e-21 0.0110708 3.06945
0.0043112 -4.98467e-05 -8.73834e-05 5.05716e-23 -0.00589882 2.98155
0.00470252 -5.49841e-05 -9.37385e-05 -4.78314e-23 -0.0482709 3.10873
0.00509385 -6.27437e-05 -0.000105424 2.40572e-26 -0.10619 3.31401
0.00548517 -7.28209e-05 -0.000120332 -3.98226e-23 -0.187256 3.56038
0.0058765 -9.12173e-05 -0.000149804 -1.0844e-21 -0.27861 3.99622
0.00629767 -0.000112094 -0.000164265 3.45259e-26 -0.531476 4.28917
0.0067961 -0.000110685 -0.000135362 -1.10241e-21 -0.791327 3.99261
0.00734195 -8.17876e-05 -9.20319e-05 4.14694e-23 -0.634735 3.36852
0.0078878 -7.41269e-05 -7.91894e-05 1.36774e-21 -0.624103 3.182
0.00843365 -7.94482e-05 -8.205e-05 6.14511e-27 -0.646748 3.28793
0.0089795 -8.86897e-05 -8.90381e-05 3.98122e-23 -0.688265 3.47282
0.00952535 -0.000115338 -0.000117403 3.50134e-23 -0.705437 4.01038
0.0101069 -0.00011816 -0.000109231 -3.52644e-23 -0.999154 3.92285
0.010728 -9.06307e-05 -7.7098e-05 -2.61738e-21 -0.916876 3.3929
0.011353 -7.76694e-05 -6.28449e-05 -1.4049e-21 -0.883203 3.13688
0.0119779 -7.73363e-05 -6.02526e-05 -1.46483e-21 -0.893831 3.13721
0.0126029 -8.58435e-05 -6.55651e-05 -4.22933e-23 -0.906438 3.32524
0.0132279 -9.64581e-05 -7.19441e-05 1.20549e-21 -0.942274 3.54372
0.0138528 -0.00012606 -9.6013e-05 -1.05203e-21 -0.9527 4.11415
3.43877e-05 4.39077e-07 -4.19882e-05 -3.47141e-22 0.948088 1.76195
0.000102724 1.00878e-06 -2.76218e-05 4.57013e-23 0.959818 1.5278
0.000170147 1.00202e-06 -2.32493e-05 2.49791e-27 0.974533 1.49151
0.000236615 8.81382e-07 -1.85702e-05 -9.52472e-23 0.983918 1.41226
0.00030218 7.69825e-07 -1.52869e-05 4.82704e-23 0.991955 1.35127
0.000368519 6.91729e-07 -1.28691e-05 -7.86082e-22 0.997577 1.30161
0.000463739 7.26268e-07 -9.57192e-06 -8.5431e-22 1.00502 1.13859
0.000586099 2.66511e-07 -4.77032e-06 9.19371e-22 1.00699 0.836306
0.00070737 -1.7083e-07 -1.71388e-06 -8.81621e-39 1.00804 0.516516
0.000827497 -5.40724e-07 1.39268e-06 5.84452e-23 1.00743 0.498142
0.0009465 -9.86031e-07 3.68884e-06 7.98079e-22 1.00646 0.836197
0.00106445 -1.49275e-06 6.40393e-06 -2.02956e-38 1.00447 1.13918
0.00118136 -2.14699e-06 9.32783e-06 6.69146e-22 1.0011 1.42065
0.00129723 -3.03671e-06 1.26327e-05 5.80368e-22 0.996321 1.70744
0.00141208 -4.34555e-06 1.62381e-05 -4.90315e-22 0.989338 1.99588
0.00152693 -5.11791e-06 2.24863e-05 -4.16715e-22 0.980888 2.41103
0.00169757 -7.14662e-06 2.53307e-05 -5.87747e-39 0.958607 2.40253
0.00192227 -8.67148e-06 2.38801e-05 4.04914e-22 0.950626 2.41929
0.00214456 -9.99675e-06 2.46197e-05 2.51204e-23 0.941985 2.5309
0.00236445 -1.11562e-05 2.6301e-05 9.36722e-39 0.931693 2.68405
0.00258197 -1.22637e-05 2.83058e-05 4.54958e-27 0.920414 2.85079
0.00279715 -1.34182e-05 3.05493e-05 -3.05958e-22 0.907963 3.02807
0.00301001 -1.47135e-05 3.30686e-05 -5.51298e-27 0.894028 3.21859
0.00322058 -1.6361e-05 3.58306e-05 -6.82412e-27 0.877945 3.42094
0.00342886 -1.77986e-05 4.05128e-05 -1.39075e-23 0.860809 3.69754
0.00365681 -1.93846e-05 4.35703e-05 2.87903e-23 0.82749 3.68948
0.0039069 -2.042e-05 4.15568e-05 -1.94514e-28 0.814247 3.67066
0.00415709 -2.14532e-05 4.08252e-05 2.08964e-22 0.802734 3.72151
0.00440487 -2.2601e-05 4.14625e-05 -1.97802e-22 0.788289 3.82401
0.00465029 -2.38563e-05 4.2785e-05 -1.23665e-23 0.772141 3.95332
0.00489334 -2.52375e-05 4.45765e-05 1.46937e-39 0.754485 4.10123
0.00513407 -2.67928e-05 4.67864e-05 -1.70963e-22 0.734859 4.26647
0.00537249 -2.8604e-05 4.94298e-05 -1.46937e-39 0.712673 4.45066
0.00560862 -3.08321e-05 5.26315e-05 -1.46937e-39 0.687049 4.66088
0.00584248 -3.39373e-05 5.6454e-05 -1.38571e-22 0.655744 4.90331
0.0060741 -3.74091e-05 6.3331e-05 1.24209e-22 0.618834 5.25011
0.00632355 -4.24955e-05 7.28526e-05 -1.24196e-22 0.544761 5.25777
0.00661374 -4.96719e-05 7.44927e-05 0 0.488958 4.86766
0.00692412 -4.96859e-05 6.267e-05 2.99001e-22 0.50772 4.66178
0.00723129 -4.83599e-05 5.70763e-05 1.02678e-23 0.513445 4.54807
0.00753529 -4.67836e-05 5.44522e-05 3.88895e-27 0.505028 4.49719
0.00783615 -4.54777e-05 5.25641e-05 1.06747e-23 0.494127 4.46967
0.0081339 -4.50102e-05 5.14366e-05 1.58539e-22 0.481528 4.47681
0.00842857 -4.5485e-05 5.11725e-05 -2.93874e-39 0.466795 4.5243
0.00872021 -4.67403e-05 5.16931e-05 -1.48355e-22 0.449893 4.60735
0.00900883 -4.87734e-05 5.2977e-05 -1.59927e-22 0.430415 4.72591
0.00929447 -5.18315e-05 5.5084e-05 -1.41079e-22 0.407108 4.88188
0.00957716 -5.48643e-05 5.97948e-05 8.2404e-24 0.379888 5.1015
0.00986789 -5.98537e-05 6.70605e-05 1.32269e-22 0.328501 4.9587
0.0101766 -6.49074e-05 6.65035e-05 -3.16023e-22 0.298789 4.62549
0.0104923 -6.28469e-05 5.66227e-05 1.75684e-22 0.310705 4.4524
0.010805 -6.02931e-05 5.11928e-05 1.88635e-22 0.316471 4.32644
0.0111145 -5.7628e-05 4.82563e-05 -3.93155e-22 0.314229 4.24119
0.0114211 -5.51885e-05 4.61671e-05 -2.0159e-22 0.309051 4.17694
0.0117246 -5.3262e-05 4.46114e-05 -8.81621e-39 0.302611 4.13168
0.0120252 -5.19047e-05 4.35179e-05 -4.24139e-22 0.294335 4.10655
0.0123229 -5.14538e-05 4.28958e-05 -1.91158e-22 0.284572 4.11103
0.0126176 -5.19194e-05 4.27677e-05 -1.99778e-22 0.2739 4.14583
0.0129095 -5.3171e-05 4.31626e-05 3.87794e-22 0.262236 4.20841
0.0131985 -5.51634e-05 4.41276e-05 -1.86424e-22 0.249268 4.29928
0.0134847 -5.8043e-05 4.56023e-05 -1.10874e-23 0.234121 4.4189
0.0137681 -6.14708e-05 4.82324e-05 2.08704e-23 0.216312 4.56608
0.0140499 -6.39533e-05 5.38439e-05 -1.0165e-23 0.193792 4.68627
0.0143423 -7.46971e-05 6.27489e-05 2.20405e-39 0.150451 4.17359
0.0146441 -7.14695e-05 5.0921e-05 9.54115e-23 0.159305 3.99495
0.0149433 -6.78234e-05 4.35847e-05 1.51738e-23 0.167667 3.83584
0.0152397 -6.34551e-05 3.94113e-05 1.30964e-22 0.170729 3.7017
0.0155335 -5.90857e-05 3.63919e-05 2.59472e-22 0.172152 3.58169
0.0158246 -5.51988e-05 3.39941e-05 1.80435e-23 0.172774 3.47644
0.0161131 -5.19514e-05 3.21138e-05 1.39843e-22 0.172475 3.38871
0.0163989 -4.93628e-05 3.0666e-05 1.91144e-23 0.171213 3.31967
0.016682 -4.74411e-05 2.954e-05 -1.65371e-22 0.169002 3.26909
0.0169625 -4.60239e-05 2.87557e-05 9.8337e-24 0.165876 3.23481
0.0172405 -4.51749e-05 2.80751e-05 -1.78044e-22 0.162075 3.21625
0.017516 -4.53319e-05 2.77292e-05 1.96387e-23 0.157608 3.22846
0.017789 -4.63516e-05 2.77182e-05 -9.63824e-24 0.15276 3.26724
0.0180595 -4.8065e-05 2.81583e-05 -7.34684e-39 0.147657 3.33052
0.0183277 -5.06758e-05 2.89251e-05 1.44078e-22 0.141974 3.41952
0.0185934 -5.38395e-05 3.03351e-05 1.37143e-22 0.13537 3.53033
0.0188567 -5.81428e-05 3.17652e-05 1.29347e-22 0.127926 3.68812
0.0191176 -6.99585e-05 2.85078e-05 -1.21487e-22 0.114762 3.93664
