0.397179
0.500331
1.11165
0.880193
0.982421
0.928612
0.953733
0.917953
0.89731
0.864615
0.851044
0.832235
0.824597
0.811414
0.802431
0.792794
0.781905
0.774366
0.765171
0.757899
0.748945
0.742025
0.733917
0.725098
0.718828
0.709645
0.702843
0.696121
0.686661
0.680591
0.673709
0.664607
0.658341
0.651525
0.64295
0.636042
0.629115
0.621386
0.613471
0.607231
0.599725
0.591941
0.584806
0.578841
0.570571
0.563557
0.556453
0.551164
0.542615
0.536064
0.528844
0.523593
0.515604
0.508767
0.501523
0.495677
0.488554
0.481032
0.474031
0.466882
0.460738
0.452211
0.44568
0.436688
0.431318
0.422224
0.415525
0.40588
0.396759
0.392029
0.381403
0.374746
0.361653
0.353308
0.346656
0.336715
0.327267
0.311797
0.303051
0.294299
0.283721
0.271267
0.25252
0.240982
0.230664
0.216798
0.20152
0.173112
0.151135
0.144049
0.123477
0.122121
0.143653
0.180902
0.181856
0.205093
0.215211
0.245766
0.283005
0.294247
0.299795
0.314869
0.319406
0.352525
0.380267
0.376965
0.386833
0.394557
0.404578
0.429885
0.446605
0.446583
0.454213
0.460382
0.470994
0.494467
0.507888
0.507934
0.514027
0.519606
0.528451
0.554078
0.570075
0.567572
0.572061
0.57747
0.579991
0.607733
0.631788
0.624939
0.628471
0.631849
0.633709
0.651975
0.677322
0.679961
0.679187
0.681243
0.684116
0.688231
0.712632
0.731427
0.725056
0.726798
0.728505
0.730138
0.740999
0.762762
0.770557
0.767467
0.768719
0.770511
0.77165
0.784223
0.802687
0.80516
0.803994
0.80521
0.806998
0.808194
0.819915
0.836234
0.837966
0.837272
0.838482
0.840235
0.841422
0.854415
0.876388
0.881415
0.878138
0.878585
0.879629
0.880665
0.889615
0.920949
0.938592
0.929096
0.928271
0.927967
0.928977
0.926834
0.958761
0.992724
0.982614
0.979673
0.978237
0.978383
0.978621
0.985695
1.00784
1.01907
1.01259
1.0124
1.01254
1.01343
1.01428
1.01965
1.0274
1.02887
1.02848
1.02921
1.03011
1.031
1.03088
1.04978
1.07128
1.06684
1.06238
1.05966
1.05729
1.05605
1.05393
1.12437
1.19882
1.17919
1.16092
1.14982
1.1414
1.13715
1.1252
1.22267
1.35493
1.34641
1.30121
1.28105
1.26436
1.252
1.2379
1.29285
1.45542
1.50982
1.4303
1.40959
1.38746
1.37106
1.35516
1.33366
1.48216
1.59371
1.50984
1.48351
1.45612
1.43692
1.42014
1.40163
1.45878
1.64677
1.70306
1.59879
1.57291
1.54137
1.51919
1.50197
1.48254
1.57282
1.71464
1.71027
1.63565
1.60878
1.581
1.56015
1.54363
1.52776
1.59145
1.69647
1.69035
1.62634
1.60275
1.57744
1.55825
1.54328
1.53339
1.56926
1.71845
1.75302
1.65414
1.63294
1.60278
1.58241
1.56509
1.55415
1.54664
1.66187
1.73738
1.68029
1.63891
1.61222
1.58994
1.5719
1.55867
1.55125
1.5513
1.67671
1.72049
1.62688
1.61077
1.58413
1.56698
1.5523
1.54331
1.54109
1.54949
1.69134
1.73829
1.63971
1.62106
1.59315
1.57489
1.55872
1.54727
1.54093
1.5439
1.60284
1.65063
1.62583
1.58624
1.56919
1.55172
1.5383
1.5276
1.52075
1.52062
1.53143
1.60792
1.62967
1.57099
1.55657
1.5383
1.52582
1.51579
1.50938
1.50862
1.51482
1.53614
1.63732
1.66512
1.59469
1.57661
1.55537
1.54039
1.5275
1.51753
1.51061
1.50717
1.51109
1.53996
1.5703
1.55937
1.52784
1.51831
1.50613
1.49748
1.49067
1.48622
1.48442
1.48716
1.49847
1.54035
1.56832
1.5517
1.52294
1.51348
1.50234
1.49483
1.48922
1.48579
1.48519
1.48867
1.49831
1.52444
1.57751
1.57993
1.5336
1.53037
1.51928
1.51409
1.51005
1.50826
1.5088
1.51213
1.5187
1.53023
1.55205
1.59828
1.61077
1.5956
1.6096
1.62262
1.64331
1.67117
1.70945
1.76281
1.83821
1.94441
2.09348
2.29512
2.51883
2.75152
1.45438
1.38565
1.40334
1.42883
1.40668
1.35641
1.36572
1.34219
1.31005
1.29438
1.27358
1.27007
1.26796
1.26213
1.2594
1.2554
1.25368
1.25411
1.25815
1.25801
1.26381
1.25984
1.26211
1.25522
1.25212
1.24545
1.241
1.23495
1.23115
1.22552
1.22219
1.21779
1.21444
1.21204
1.20941
1.2078
1.20516
1.20353
1.19764
1.19666
1.18741
1.18644
1.17836
1.17725
1.17155
1.17237
1.16615
1.16877
1.16203
1.15845
1.15511
1.14548
1.14398
1.13453
1.13275
1.12651
1.12447
1.11913
1.11709
1.10935
1.10574
1.09553
1.08884
1.0767
1.06595
1.05095
1.03415
1.01663
0.995046
0.979378
0.963616
0.946439
0.94135
0.921146
0.926954
0.910053
0.912364
0.927035
0.910946
0.944721
0.927985
0.949465
0.978927
0.971773
1.00214
1.02917
1.03161
1.0564
1.08602
1.10545
1.12995
1.16435
1.19891
1.26261
1.27827
1.36662
1.39998
2.12375
1.9922
4.01661
3.53924
3.29014
3.17248
3.3219
3.48322
4.44071
3.95664
2.11114
1.30248
1.74926
1.48559
0.683675
0.789145
0.652248
0.678601
0.42711
0.565793
0.894723
1.09221
1.1271
1.18002
1.2643
1.41185
1.38927
1.321
1.37576
1.46537
1.82883
1.67807
1.80023
1.90074
2.16208
2.20969
2.10518
2.18314
2.29978
2.45153
2.6274
2.97305
3.22699
3.05232
2.67362
2.6585
2.77883
2.99561
3.13736
3.06945
2.98155
3.10873
3.31401
3.56038
3.99622
4.28917
3.99261
3.36852
3.182
3.28793
3.47282
4.01038
3.92285
3.3929
3.13688
3.13721
3.32524
3.54372
4.11415
1.76195
1.5278
1.49151
1.41226
1.35127
1.30161
1.13859
0.836306
0.516516
0.498142
0.836197
1.13918
1.42065
1.70744
1.99588
2.41103
2.40253
2.41929
2.5309
2.68405
2.85079
3.02807
3.21859
3.42094
3.69754
3.68948
3.67066
3.72151
3.82401
3.95332
4.10123
4.26647
4.45066
4.66088
4.90331
5.25011
5.25777
4.86766
4.66178
4.54807
4.49719
4.46967
4.47681
4.5243
4.60735
4.72591
4.88188
5.1015
4.9587
4.62549
4.4524
4.32644
4.24119
4.17694
4.13168
4.10655
4.11103
4.14583
4.20841
4.29928
4.4189
4.56608
4.68627
4.17359
3.99495
3.83584
3.7017
3.58169
3.47644
3.38871
3.31967
3.26909
3.23481
3.21625
3.22846
3.26724
3.33052
3.41952
3.53033
3.68812
3.93664
