# ccx tau_xx tau_yy tau_zz cp yplus
0.995662 4.31226e-06 2.13288e-06 -3.52648e-38 -0.351126 2.52354
0.986457 8.01366e-06 2.45877e-06 1.57781e-20 -0.389733 3.73636
0.976759 6.1461e-06 1.74107e-06 8.6742e-29 -0.390057 3.25184
0.967222 4.88976e-06 1.45034e-06 -1.17639e-20 -0.397854 2.83287
0.957886 3.96936e-06 1.14858e-06 1.33035e-20 -0.401262 2.5056
0.948682 3.44012e-06 9.38971e-07 1.43374e-20 -0.403402 2.29238
0.939599 3.19899e-06 8.59134e-07 1.47435e-23 -0.405098 2.17037
0.930641 3.16671e-06 8.32036e-07 -1.56005e-20 -0.407389 2.1184
0.921794 3.19489e-06 8.14883e-07 -1.59889e-20 -0.41029 2.08993
0.91304 3.24447e-06 8.05604e-07 -3.05629e-37 -0.413466 2.06947
0.904378 3.30971e-06 8.04338e-07 1.17549e-38 -0.41697 2.05375
0.895807 3.37092e-06 8.06117e-07 1.67547e-20 -0.420702 2.03633
0.887326 3.40906e-06 8.03413e-07 -2.35099e-38 -0.424649 2.01206
0.878929 3.4356e-06 7.98913e-07 1.17549e-38 -0.428684 1.9842
0.870612 3.44929e-06 7.88258e-07 -1.74845e-20 -0.432931 1.95367
0.862368 3.4576e-06 7.72721e-07 5.93257e-37 -0.437256 1.9226
0.854198 3.47589e-06 7.64227e-07 -1.80028e-20 -0.441787 1.89376
0.846099 3.49075e-06 7.42474e-07 -1.17549e-38 -0.446517 1.8672
0.83807 3.50601e-06 7.34444e-07 -5.87747e-39 -0.451379 1.83855
0.830108 3.52674e-06 7.16882e-07 9.42028e-21 -0.456462 1.81395
0.82221 3.53662e-06 7.0697e-07 -3.71446e-23 -0.461729 1.78521
0.814376 3.55104e-06 6.906e-07 3.76274e-23 -0.467144 1.75935
0.806602 3.55616e-06 6.79408e-07 -1.95518e-20 -0.47281 1.73034
0.798888 3.56889e-06 6.63169e-07 -9.87866e-21 -0.47859 1.70461
0.791234 3.5702e-06 6.50838e-07 2.00493e-20 -0.484701 1.67551
0.783644 3.57907e-06 6.29994e-07 -1.01791e-20 -0.490889 1.65029
0.776115 3.57998e-06 6.17914e-07 -5.87747e-39 -0.497482 1.62156
0.768638 3.58293e-06 5.89923e-07 -6.46522e-38 -0.50418 1.59772
0.761211 3.58833e-06 5.74598e-07 -1.0484e-20 -0.511318 1.57089
0.753838 3.57776e-06 5.43739e-07 1.05637e-20 -0.518656 1.54529
0.746522 3.58462e-06 5.21247e-07 -1.06898e-20 -0.526348 1.52127
0.73926 3.56312e-06 4.93822e-07 -4.23445e-23 -0.534435 1.4927
0.732042 3.56308e-06 4.61214e-07 1.09896e-20 -0.542732 1.47049
0.724872 3.54704e-06 4.38516e-07 2.93874e-39 -0.551668 1.4422
0.717758 3.51816e-06 3.98019e-07 2.23861e-20 -0.560737 1.41639
0.710696 3.51688e-06 3.71184e-07 -1.12956e-20 -0.570451 1.39261
0.703677 3.46792e-06 3.3757e-07 -4.45451e-23 -0.580564 1.36119
0.696705 3.43802e-06 2.97381e-07 4.49962e-23 -0.591061 1.33518
0.689786 3.40492e-06 2.63392e-07 6.04382e-27 -0.602293 1.30648
0.682916 3.30394e-06 2.1007e-07 -4.59056e-23 -0.613899 1.26879
0.676084 3.29877e-06 1.70277e-07 1.18974e-20 -0.626081 1.24809
0.669303 3.18877e-06 1.28009e-07 -1.19877e-20 -0.639352 1.20681
0.662571 3.02328e-06 5.01656e-08 4.72795e-23 -0.652542 1.16112
0.655878 3.01895e-06 6.59479e-09 -4.76651e-23 -0.666998 1.14164
0.649227 2.80339e-06 -5.98446e-08 -1.23661e-20 -0.6824 1.08306
0.642624 2.59882e-06 -1.57253e-07 1.2555e-20 -0.697782 1.03089
0.636065 2.5738e-06 -2.0329e-07 -9.80498e-23 -0.714758 1.01018
0.629542 2.28416e-06 -2.89988e-07 4.94316e-23 -0.732698 0.93812
0.623066 2.02812e-06 -3.88407e-07 -1.02856e-38 -0.750713 0.874728
0.616637 1.94197e-06 -4.57152e-07 -6.45482e-21 -0.770409 0.844286
0.610244 1.57664e-06 -5.47199e-07 6.50732e-21 -0.791255 0.754484
0.603894 1.23497e-06 -6.64254e-07 6.58242e-21 -0.812181 0.671508
0.59759 1.10524e-06 -7.7339e-07 -6.63996e-21 -0.834863 0.638977
0.591325 5.92103e-07 -8.849e-07 -1.40049e-39 -0.859288 0.531582
0.585098 7.28755e-08 -1.01798e-06 -6.7689e-21 -0.883051 0.499578
0.578916 -2.83451e-08 -1.15913e-06 6.83318e-21 -0.908974 0.527221
0.572775 -7.85461e-07 -1.28072e-06 -6.84697e-21 -0.937803 0.631486
0.566668 -1.60144e-06 -1.42098e-06 -1.02856e-37 -0.964061 0.776254
0.560604 -1.73542e-06 -1.56825e-06 6.90826e-21 -0.993345 0.799621
0.554582 -2.5391e-06 -1.69834e-06 6.89087e-21 -1.02557 0.915021
0.548592 -3.6308e-06 -1.82678e-06 -5.3755e-23 -1.05585 1.05591
0.542643 -4.09487e-06 -1.97646e-06 -6.86439e-21 -1.08703 1.10555
0.536736 -4.60823e-06 -2.13562e-06 5.40583e-23 -1.12137 1.15435
0.53086 -5.84421e-06 -2.24092e-06 -8.22674e-27 -1.15701 1.27199
0.525025 -6.79036e-06 -2.37049e-06 6.87521e-21 -1.18917 1.35364
0.519232 -6.9949e-06 -2.56179e-06 7.00371e-21 -1.22522 1.35941
0.513469 -8.1712e-06 -2.66405e-06 -9.09206e-27 -1.26537 1.44407
0.507746 -9.49579e-06 -2.7697e-06 -8.83411e-27 -1.2998 1.53908
0.502065 -9.85063e-06 -2.9501e-06 1.38917e-20 -1.33759 1.55074
0.496414 -1.06187e-05 -3.11606e-06 6.97717e-21 -1.37866 1.58968
0.490803 -1.20865e-05 -3.19958e-06 8.81621e-38 -1.42035 1.6741
0.485232 -1.31694e-05 -3.33216e-06 -1.39906e-20 -1.45798 1.73087
0.479691 -1.34433e-05 -3.5746e-06 -5.48506e-23 -1.50042 1.73063
0.474188 -1.4894e-05 -3.66671e-06 7.1274e-21 -1.54865 1.79721
0.468725 -1.6804e-05 -3.71114e-06 -3.55914e-21 -1.58875 1.89233
0.463293 -1.73723e-05 -3.89631e-06 -3.51666e-21 -1.6305 1.90601
0.457896 -1.78294e-05 -4.14666e-06 7.34684e-40 -1.67677 1.91116
0.45254 -1.99115e-05 -4.13251e-06 5.50184e-23 -1.72932 1.99471
0.447216 -2.20324e-05 -4.14633e-06 -1.01734e-26 -1.76612 2.08652
0.441922 -2.20593e-05 -4.41148e-06 3.48365e-21 -1.81113 2.06801
0.436669 -2.3046e-05 -4.57972e-06 -3.60875e-21 -1.86129 2.0919
0.431451 -2.53683e-05 -4.53336e-06 -3.47861e-21 -1.91152 2.17449
0.426261 -2.70926e-05 -4.59011e-06 -3.53755e-21 -1.95096 2.23398
0.42111 -2.72045e-05 -4.87415e-06 1.46937e-39 -1.99815 2.21853
0.415996 -2.85828e-05 -4.96349e-06 3.62226e-21 -2.05218 2.25143
0.410909 -3.11327e-05 -4.86658e-06 -5.54853e-23 -2.09984 2.33292
0.405859 -3.24783e-05 -4.95431e-06 3.30608e-39 -2.14079 2.36803
0.400848 -3.26564e-05 -5.23667e-06 -3.59206e-21 -2.18856 2.35443
0.395865 -3.42417e-05 -5.27512e-06 3.53173e-21 -2.24439 2.38848
0.390916 -3.68835e-05 -5.16773e-06 5.59979e-23 -2.29005 2.46421
0.386004 -3.80068e-05 -5.29298e-06 -3.59835e-21 -2.33252 2.48564
0.381122 -3.83246e-05 -5.55808e-06 3.61915e-21 -2.38122 2.47604
0.376272 -3.99686e-05 -5.58606e-06 3.56389e-21 -2.43803 2.50683
0.37146 -4.2572e-05 -5.48948e-06 1.16665e-26 -2.48439 2.57262
0.36668 -4.36974e-05 -5.62329e-06 5.67487e-23 -2.5289 2.58996
0.361929 -4.41725e-05 -5.87414e-06 6.61216e-39 -2.57887 2.58424
0.357214 -4.58239e-05 -5.91821e-06 -7.35336e-21 -2.63638 2.61107
0.352535 -4.84401e-05 -5.82782e-06 5.71315e-23 -2.68487 2.66941
0.347885 -4.96872e-05 -5.96096e-06 -2.86582e-23 -2.73036 2.68741
0.343265 -5.00718e-05 -6.25225e-06 -1.88263e-39 -2.78209 2.67859
0.338682 -5.18634e-05 -6.30088e-06 8.71383e-40 -2.84409 2.70566
0.334132 -5.53031e-05 -6.08805e-06 -9.85348e-40 -2.89647 2.78006
0.329609 -5.71035e-05 -6.14698e-06 -8.86814e-44 -2.93874 2.81241
0.32512 -5.70616e-05 -6.5051e-06 2.2215e-39 -2.98997 2.79315
0.320667 -5.85525e-05 -6.61899e-06 -3.87431e-40 -3.05455 2.8103
0.316244 -6.31237e-05 -6.18281e-06 2.88494e-23 -3.11533 2.9043
0.311847 -6.63661e-05 -5.98739e-06 -2.88053e-23 -3.14658 2.97289
0.307485 -6.57068e-05 -6.39157e-06 -1.85994e-21 -3.19138 2.94117
0.303159 -6.60631e-05 -6.69073e-06 -7.27122e-27 -3.24822 2.93229
0.29886 -7.08968e-05 -6.12691e-06 3.70464e-21 -3.32145 3.02094
0.294589 -7.59983e-05 -5.58244e-06 -7.71418e-39 -3.33787 3.13072
0.290352 -7.50727e-05 -5.98958e-06 2.89962e-23 -3.37534 3.0962
0.28615 -7.51394e-05 -6.24962e-06 -1.87377e-21 -3.41866 3.08236
0.281976 -7.7939e-05 -6.01099e-06 -1.89624e-21 -3.4804 3.12274
0.27783 -8.20529e-05 -5.6033e-06 5.56523e-38 -3.50744 3.20002
0.273718 -8.25725e-05 -5.78051e-06 -9.8138e-40 -3.54139 3.19784
0.26964 -8.30618e-05 -5.93985e-06 -9.18355e-41 -3.58026 3.19297
0.26559 -8.43175e-05 -5.9993e-06 -9.14947e-22 -3.62576 3.20252
0.261569 -8.64322e-05 -5.95163e-06 -5.90855e-23 -3.66882 3.22996
0.25758 -8.79149e-05 -6.02041e-06 -9.19763e-22 -3.70861 3.24545
0.253624 -8.82896e-05 -6.26529e-06 -1.91078e-21 -3.75314 3.23862
0.2497 -8.90329e-05 -6.51922e-06 6.11624e-38 -3.80813 3.23863
0.245803 -9.33707e-05 -6.159e-06 -2.29589e-41 -3.88077 3.30329
0.241935 -9.76565e-05 -5.80456e-06 -2.9682e-23 -3.90778 3.3765
0.238099 -9.57448e-05 -6.38578e-06 5.4924e-27 -3.95402 3.33117
0.234296 -9.4377e-05 -7.0082e-06 -9.68744e-22 -4.02293 3.29582
0.230523 -0.000102841 -6.19459e-06 4.44161e-23 -4.14917 3.42622
0.226777 -0.000116332 -4.07632e-06 -1.44176e-23 -4.16258 3.66573
0.223059 -0.000116069 -3.84899e-06 2.82394e-39 -4.16024 3.66948
0.219371 -0.000109425 -4.82707e-06 4.54162e-22 -4.19043 3.55606
0.215715 -0.000108727 -5.35717e-06 -4.42862e-22 -4.28779 3.53815
0.212091 -0.000132054 -1.72757e-06 -1.38988e-23 -4.46034 3.90593
0.208494 -0.000147747 2.65455e-06 -1.08091e-22 -4.2855 4.20044
0.204927 -0.000131231 5.41301e-07 -6.88766e-41 -4.26714 3.96018
0.201388 -0.00012377 -5.26052e-07 1.42435e-23 -4.27555 3.8484
0.197879 -0.000136926 1.32916e-06 9.58355e-23 -4.44824 4.04964
0.194402 -0.000160404 8.01968e-06 -4.19125e-22 -4.35945 4.45023
0.190959 -0.000155615 8.82039e-06 -1.30253e-23 -4.22877 4.42253
0.187547 -0.000142278 7.01402e-06 1.33796e-23 -4.15611 4.24129
0.184164 -0.000136558 6.33758e-06 -1.36982e-23 -4.15955 4.1682
0.18081 -0.000155247 1.03149e-05 1.30193e-23 -4.29912 4.46603
0.177489 -0.00016721 1.60737e-05 8.03324e-22 -4.0526 4.71227
0.174201 -0.000148475 1.28593e-05 -8.1798e-22 -3.97282 4.4601
0.170942 -0.000139067 1.16338e-05 4.04076e-39 -3.91041 4.33808
0.167712 -0.000146166 1.34587e-05 8.53124e-22 -4.00567 4.4708
0.164516 -0.000168013 2.05144e-05 -1.25333e-23 -3.95689 4.85452
0.161359 -0.000166065 2.31395e-05 1.58973e-21 -3.729 4.88895
0.158235 -0.000148621 1.99315e-05 1.63483e-21 -3.60943 4.6562
0.15514 -0.000140406 1.88717e-05 -7.34684e-40 -3.53649 4.55818
0.152074 -0.000153446 2.23004e-05 -6.325e-44 -3.63902 4.80144
0.149043 -0.000166272 2.90003e-05 1.32243e-38 -3.41141 5.06978
0.146051 -0.000151346 2.66515e-05 3.18744e-21 -3.26164 4.88141
0.143089 -0.000140002 2.46081e-05 0 -3.14062 4.73518
0.140156 -0.000134764 2.40405e-05 -6.55639e-24 -3.08069 4.68594
0.137251 -0.000144942 2.71658e-05 1.61488e-21 -3.11517 4.90452
0.134383 -0.000148603 3.09812e-05 1.60751e-21 -2.89147 5.02375
0.131551 -0.000133101 2.73327e-05 -1.63881e-21 -2.78966 4.79653
0.128747 -0.000125405 2.60004e-05 -1.70067e-21 -2.69587 4.69978
0.125971 -0.00012576 2.67768e-05 1.68833e-21 -2.68055 4.75143
0.123226 -0.000136875 3.09331e-05 -1.6208e-21 -2.65514 5.00631
0.12052 -0.000136071 3.30741e-05 4.59177e-41 -2.46308 5.04016
0.11785 -0.000122458 2.96421e-05 -1.64583e-21 -2.3628 4.82795
0.115207 -0.000116271 2.85671e-05 -6.65184e-24 -2.27917 4.75278
0.112592 -0.000118583 2.96625e-05 2.32517e-28 -2.26799 4.84846
0.110008 -0.000125754 3.27629e-05 0 -2.19036 5.03742
0.107463 -0.000120743 3.32327e-05 -1.63277e-21 -2.0481 4.98184
0.104951 -0.000110645 3.05347e-05 -2.93874e-39 -1.95824 4.81807
0.102466 -0.000105917 2.9641e-05 3.44344e-21 -1.88788 4.76412
0.100007 -0.000108313 3.04607e-05 0 -1.87289 4.86657
0.0975819 -0.000111887 3.29786e-05 1.67461e-21 -1.78293 4.98745
0.095194 -0.000105233 3.18427e-05 3.3603e-21 -1.68196 4.87925
0.0928364 -9.76e-05 2.97787e-05 1.73125e-21 -1.60846 4.7488
0.0905048 -9.44537e-05 2.93178e-05 7.34684e-39 -1.55494 4.72222
0.088199 -9.9188e-05 3.08746e-05 3.36211e-21 -1.55333 4.88817
0.0859272 -0.000103436 3.40326e-05 3.27658e-24 -1.45749 5.02399
0.0836936 -9.65351e-05 3.2427e-05 1.6827e-21 -1.36751 4.89331
0.0814911 -9.01897e-05 3.05792e-05 -1.69573e-24 -1.2983 4.78096
0.0793154 -8.7144e-05 2.99481e-05 -1.76254e-21 -1.2469 4.75065
0.0771646 -8.88667e-05 3.06102e-05 -2.93874e-39 -1.22509 4.84633
0.075045 -9.01463e-05 3.21992e-05 -1.68032e-24 -1.15093 4.91259
0.0729595 -8.48945e-05 3.0658e-05 1.69524e-24 -1.08373 4.80739
0.0709033 -8.01372e-05 2.91914e-05 -5.46421e-39 -1.02862 4.7202
0.0688733 -7.77229e-05 2.87008e-05 -2.93874e-39 -0.987338 4.6983
0.0668673 -7.89607e-05 2.93237e-05 1.76061e-21 -0.96788 4.7835
0.0648919 -7.9811e-05 3.03308e-05 -8.60139e-25 -0.908899 4.83531
0.0629507 -7.53568e-05 2.89161e-05 -1.46937e-38 -0.856314 4.73662
0.0610372 -7.15869e-05 2.77879e-05 1.82153e-21 -0.812632 4.66489
0.059148 -7.05432e-05 2.78241e-05 1.81277e-21 -0.781106 4.67965
0.0572845 -7.37462e-05 2.91466e-05 -1.74026e-21 -0.771736 4.83085
0.0554536 -7.60073e-05 3.10492e-05 1.74208e-21 -0.713701 4.91929
0.0536584 -7.17639e-05 2.96621e-05 1.75778e-21 -0.661081 4.81264
0.0518917 -6.80364e-05 2.83661e-05 -2.23398e-27 -0.617774 4.73358
0.0501494 -6.5907e-05 2.78187e-05 -1.17549e-38 -0.583373 4.70689
0.0484318 -6.58953e-05 2.79942e-05 -3.60728e-21 -0.562661 4.75231
0.0467424 -6.58978e-05 2.83049e-05 -8.82308e-25 -0.521851 4.77695
0.0450835 -6.2842e-05 2.71642e-05 3.65654e-21 -0.48456 4.69976
0.0434517 -6.01404e-05 2.62224e-05 -5.87747e-39 -0.45307 4.64229
0.0418445 -5.88743e-05 2.59647e-05 1.83103e-24 -0.42856 4.63808
0.0402618 -5.96002e-05 2.64203e-05 -3.58458e-24 -0.41549 4.70957
0.0387078 -6.00111e-05 2.69147e-05 -2.56273e-28 -0.3811 4.74195
0.0371857 -5.70449e-05 2.57652e-05 -1.86548e-21 -0.350448 4.6533
0.0356904 -5.44542e-05 2.47856e-05 -1.91092e-21 -0.325501 4.58847
0.0342195 -5.3415e-05 2.45741e-05 -1.87714e-24 -0.307013 4.58715
0.0327735 -5.42914e-05 2.50976e-05 1.87482e-21 -0.297988 4.66568
0.0313565 -5.50501e-05 2.58372e-05 -1.88487e-21 -0.269522 4.71046
0.0299706 -5.31797e-05 2.53566e-05 -9.4701e-22 -0.246235 4.66273
0.0286115 -5.27259e-05 2.57774e-05 9.31681e-22 -0.22657 4.69256
0.0272775 -5.47239e-05 2.76718e-05 8.81481e-22 -0.210788 4.83592
0.0259681 -5.96038e-05 3.11013e-05 -2.93874e-39 -0.200764 5.10499
0.0246863 -6.59763e-05 3.60114e-05 -2.93874e-39 -0.174846 5.40974
0.0234339 -7.26745e-05 4.10046e-05 6.82949e-22 -0.154771 5.73635
0.0222078 -8.10225e-05 4.7098e-05 -5.87747e-39 -0.137107 6.12404
0.0210066 -9.14971e-05 5.3834e-05 -5.58572e-22 -0.143126 6.56674
0.0198298 -0.00010485 6.27777e-05 1.32243e-38 -0.202904 7.10445
0.0971938 -2.73246e-05 -2.43158e-06 1.43273e-21 -0.376109 22.3081
0.1189 -2.85683e-05 -2.20184e-06 5.78459e-27 -0.329736 22.6289
0.140637 -2.93105e-05 -1.91752e-06 -4.10313e-23 -0.317288 22.7285
0.162402 -2.89007e-05 -1.48588e-06 0 -0.294983 22.4068
0.184181 -2.8026e-05 -1.13015e-06 -1.32456e-21 -0.25869 21.9708
0.205967 -2.7431e-05 -1.00355e-06 -6.69274e-22 -0.232446 21.6819
0.227755 -2.7094e-05 -9.41465e-07 1.37753e-39 -0.217233 21.5085
0.249544 -2.69478e-05 -9.27592e-07 -1.2857e-39 -0.206475 21.4207
0.271334 -2.70015e-05 -9.22584e-07 -6.61063e-22 -0.202714 21.4112
0.293125 -2.70422e-05 -8.65689e-07 -7.065e-22 -0.204212 21.3884
0.314918 -2.68765e-05 -7.52156e-07 3.22721e-22 -0.20374 21.2827
0.336715 -2.65466e-05 -6.21193e-07 1.08221e-23 -0.199763 21.118
0.358513 -2.61636e-05 -4.98802e-07 1.08904e-23 -0.194712 20.9387
0.380314 -2.5792e-05 -3.90186e-07 1.09545e-23 -0.189664 20.7696
0.402115 -2.54563e-05 -2.93799e-07 -1.10089e-23 -0.185202 20.6194
0.423917 -2.51596e-05 -2.05793e-07 5.52755e-24 -0.181359 20.4889
0.44572 -2.48384e-05 -1.04017e-07 -5.54707e-24 -0.178109 20.3515
0.467522 -2.44319e-05 8.10959e-09 -4.45403e-23 -0.173041 20.1829
0.489325 -2.40032e-05 1.05271e-07 8.94291e-23 -0.166004 20.0085
0.511127 -2.36386e-05 1.89594e-07 -1.85086e-22 -0.159467 19.8631
0.532928 -2.33029e-05 2.68191e-07 1.74339e-22 -0.154257 19.7332
0.554728 -2.28873e-05 3.53396e-07 -3.49606e-22 -0.148302 19.5738
0.576527 -2.23744e-05 4.3349e-07 -9.18355e-41 -0.139539 19.375
0.598323 -2.18604e-05 4.99875e-07 -1.83671e-40 -0.129206 19.1755
0.620118 -2.13805e-05 5.60389e-07 3.64666e-22 -0.119556 18.9919
0.64191 -2.08525e-05 6.22881e-07 -7.31649e-22 -0.109682 18.7901
0.663698 -2.01775e-05 6.8491e-07 -1.85257e-28 -0.0973958 18.5249
0.685482 -1.92817e-05 7.35915e-07 1.74487e-39 -0.0812316 18.1572
0.707259 -1.81198e-05 7.53159e-07 7.22211e-22 -0.0599114 17.6526
0.729033 -1.67712e-05 7.15914e-07 -7.31567e-22 -0.0328136 17.0225
0.750808 -1.55411e-05 6.12985e-07 -7.19349e-22 -0.00287248 16.3992
0.77259 -1.46413e-05 4.46504e-07 -4.87004e-23 0.0232061 15.8999
0.794382 -1.40644e-05 2.45025e-07 3.94624e-22 0.0448548 15.5281
0.816181 -1.4078e-05 1.1109e-08 -1.24346e-23 0.0627913 15.4166
0.83798 -1.449e-05 -2.60998e-07 -3.46468e-22 0.0669224 15.4979
0.859763 -1.54687e-05 -6.2741e-07 6.86676e-22 0.0681934 15.7878
0.881515 -1.69895e-05 -1.07462e-06 4.90285e-23 0.0489624 16.3054
0.903221 -1.87322e-05 -1.58721e-06 -1.55852e-21 0.0227967 16.8263
0.924866 -2.15057e-05 -2.21444e-06 -3.13391e-21 -0.0136916 17.6618
0.94644 -2.46813e-05 -2.93566e-06 4.69124e-23 -0.0890643 18.5302
0.967935 -3.26626e-05 -4.14587e-06 3.26601e-26 -0.169687 20.8377
0.98933 -3.4608e-05 -1.83761e-06 2.83603e-38 -0.463414 23.4599
0.0154181 -5.99402e-05 -4.52213e-05 6.86565e-27 -1.03631 43.4017
0.0181243 -6.86543e-05 -4.57398e-05 -1.34615e-22 -1.0214 44.6533
0.021438 -6.91558e-05 -4.09172e-05 -2.7063e-22 -1.50265 40.0883
0.0254529 -5.64027e-05 -2.5005e-05 1.47696e-22 -1.06562 34.4011
0.0301062 -4.54841e-05 -1.4234e-05 3.16808e-22 -0.793207 29.4839
0.0354171 -3.63616e-05 -8.06941e-06 1.73798e-22 -0.635959 25.8641
0.0413532 -3.03742e-05 -5.66491e-06 1.88765e-22 -0.531603 23.6169
0.0479434 -2.69869e-05 -4.31912e-06 -4.45142e-22 -0.496458 22.2115
0.0552626 -2.52391e-05 -3.38652e-06 -3.07842e-22 -0.459004 21.4824
0.0633252 -2.51447e-05 -3.03475e-06 -4.66676e-22 -0.425617 21.4762
0.0720891 -2.51292e-05 -2.69896e-06 4.61356e-22 -0.413463 21.4432
0.0814957 -2.58274e-05 -2.63659e-06 -4.94023e-22 -0.374244 21.8502
8.967e-05 -3.30739e-06 -5.68567e-06 0 0.945962 10.9941
0.00026901 -4.03707e-06 -8.64906e-06 1.60249e-23 0.91075 13.3875
0.000520811 -4.83751e-06 -1.20504e-05 5.82631e-23 0.845425 16.0393
0.000863667 -6.26021e-06 -1.54148e-05 -5.32429e-23 0.775475 18.2211
0.00122512 -8.73416e-06 -1.99428e-05 2.4317e-23 0.686581 20.8222
0.00168857 -1.14579e-05 -2.54281e-05 -9.29744e-23 0.537187 24.1276
0.00234949 -1.38238e-05 -2.86408e-05 0 0.404001 26.1078
0.00310587 -1.71872e-05 -3.16959e-05 -2.93874e-39 0.337637 27.904
0.0039264 -2.05094e-05 -3.55501e-05 -8.24217e-23 0.181108 30.0971
0.00481762 -2.45591e-05 -3.80415e-05 1.09984e-26 0.066059 31.873
0.00571537 -3.12961e-05 -4.38021e-05 -1.47493e-22 -0.0805971 35.1174
0.00676112 -3.66329e-05 -4.89718e-05 7.48422e-23 -0.43841 37.6051
0.00798413 -3.94019e-05 -4.69046e-05 -3.59372e-23 -0.47958 38.0445
0.00923718 -4.49004e-05 -4.76222e-05 1.03512e-22 -0.50702 39.922
0.010581 -4.84175e-05 -4.92124e-05 7.34684e-40 -0.770682 40.7794
0.0120147 -5.00063e-05 -4.54227e-05 6.69862e-23 -0.736933 41.1866
0.0134484 -5.4555e-05 -4.51481e-05 -6.47084e-23 -0.768918 42.9935
7.37966e-05 -3.10469e-06 -3.30374e-06 9.68253e-23 0.984777 8.17405
0.000219509 -2.54456e-06 -1.41082e-06 -2.6147e-22 0.99859 6.06315
0.000378385 -2.45769e-06 -5.28431e-08 1.85522e-22 1.00143 5.14721
0.000597829 -2.52553e-06 1.28182e-06 1.64404e-22 0.996068 6.2808
0.000860367 -2.72616e-06 2.59309e-06 -1.35842e-22 0.983149 8.19856
0.00111818 -3.27128e-06 3.95031e-06 -1.24274e-26 0.960902 10.2019
0.00137145 -3.75053e-06 5.81418e-06 1.83671e-40 0.928945 12.6162
0.00170279 -4.10986e-06 8.0912e-06 -1.57668e-23 0.888259 14.1328
0.00215154 -4.87072e-06 1.00127e-05 -2.97315e-23 0.847968 15.377
0.00263213 -5.97095e-06 1.15827e-05 2.57139e-39 0.808268 16.9576
0.00310238 -7.17321e-06 1.3444e-05 -5.08711e-23 0.761459 18.721
0.0035907 -8.28217e-06 1.57302e-05 2.45205e-23 0.704042 20.046
0.0041227 -9.57033e-06 1.77259e-05 0 0.647389 21.0253
0.00466988 -1.11931e-05 1.93182e-05 -2.29178e-23 0.596186 22.3345
0.00520659 -1.29625e-05 2.11599e-05 3.27811e-23 0.534755 23.9469
0.00573301 -1.49936e-05 2.34436e-05 -2.08629e-23 0.46012 25.7754
0.00628604 -1.65034e-05 2.67989e-05 2.24997e-39 0.368932 26.7468
0.00692431 -1.80771e-05 2.93085e-05 -2.18779e-23 0.280802 25.6101
0.00760899 -2.04756e-05 2.95838e-05 4.46911e-23 0.262625 24.8922
0.00827955 -2.23177e-05 2.9887e-05 -2.21151e-23 0.217062 25.7696
0.00893629 -2.42473e-05 3.03106e-05 -1.08191e-23 0.166109 26.6874
0.00958299 -2.61021e-05 3.17562e-05 3.21309e-23 0.115306 27.703
0.0102637 -2.72605e-05 3.35436e-05 1.09497e-23 0.0373548 26.5545
0.0109746 -2.98065e-05 3.32077e-05 -2.32899e-23 0.0423575 24.5557
0.0116717 -3.10838e-05 3.23885e-05 1.18041e-23 0.0198393 24.978
0.0123552 -3.23117e-05 3.19104e-05 -1.18197e-23 -0.0074755 25.4581
0.0130253 -3.35246e-05 3.14567e-05 -9.17169e-27 -0.0350976 25.9321
0.0136824 -3.47207e-05 3.17638e-05 -2.3164e-23 -0.0580364 26.5335
0.0143498 -3.54266e-05 3.29106e-05 -8.77018e-27 -0.10475 25.8236
0.0150353 -3.74285e-05 3.28233e-05 -1.14794e-41 -0.100575 23.517
0.0157159 -3.82432e-05 3.1205e-05 -2.93874e-39 -0.0956128 22.9929
0.0163842 -3.84036e-05 2.96594e-05 -1.29509e-23 -0.095284 23.2128
0.0170405 -3.84765e-05 2.84464e-05 -6.50737e-24 -0.100806 23.4787
0.0176851 -3.85071e-05 2.73131e-05 6.46877e-24 -0.103665 23.7482
0.018318 -3.86059e-05 2.6614e-05 -6.45177e-24 -0.106343 24.0967
0.0189395 -3.88407e-05 2.55922e-05 -1.27207e-23 -0.118705 24.4449
