2.52354
3.73636
3.25184
2.83287
2.5056
2.29238
2.17037
2.1184
2.08993
2.06947
2.05375
2.03633
2.01206
1.9842
1.95367
1.9226
1.89376
1.8672
1.83855
1.81395
1.78521
1.75935
1.73034
1.70461
1.67551
1.65029
1.62156
1.59772
1.57089
1.54529
1.52127
1.4927
1.47049
1.4422
1.41639
1.39261
1.36119
1.33518
1.30648
1.26879
1.24809
1.20681
1.16112
1.14164
1.08306
1.03089
1.01018
0.93812
0.874728
0.844286
0.754484
0.671508
0.638977
0.531582
0.499578
0.527221
0.631486
0.776254
0.799621
0.915021
1.05591
1.10555
1.15435
1.27199
1.35364
1.35941
1.44407
1.53908
1.55074
1.58968
1.6741
1.73087
1.73063
1.79721
1.89233
1.90601
1.91116
1.99471
2.08652
2.06801
2.0919
2.17449
2.23398
2.21853
2.25143
2.33292
2.36803
2.35443
2.38848
2.46421
2.48564
2.47604
2.50683
2.57262
2.58996
2.58424
2.61107
2.66941
2.68741
2.67859
2.70566
2.78006
2.81241
2.79315
2.8103
2.9043
2.97289
2.94117
2.93229
3.02094
3.13072
3.0962
3.08236
3.12274
3.20002
3.19784
3.19297
3.20252
3.22996
3.24545
3.23862
3.23863
3.30329
3.3765
3.33117
3.29582
3.42622
3.66573
3.66948
3.55606
3.53815
3.90593
4.20044
3.96018
3.8484
4.04964
4.45023
4.42253
4.24129
4.1682
4.46603
4.71227
4.4601
4.33808
4.4708
4.85452
4.88895
4.6562
4.55818
4.80144
5.06978
4.88141
4.73518
4.68594
4.90452
5.02375
4.79653
4.69978
4.75143
5.00631
5.04016
4.82795
4.75278
4.84846
5.03742
4.98184
4.81807
4.76412
4.86657
4.98745
4.87925
4.7488
4.72222
4.88817
5.02399
4.89331
4.78096
4.75065
4.84633
4.91259
4.80739
4.7202
4.6983
4.7835
4.83531
4.73662
4.66489
4.67965
4.83085
4.91929
4.81264
4.73358
4.70689
4.75231
4.77695
4.69976
4.64229
4.63808
4.70957
4.74195
4.6533
4.58847
4.58715
4.66568
4.71046
4.66273
4.69256
4.83592
5.10499
5.40974
5.73635
6.12404
6.56674
7.10445
22.3081
22.6289
22.7285
22.4068
21.9708
21.6819
21.5085
21.4207
21.4112
21.3884
21.2827
21.118
20.9387
20.7696
20.6194
20.4889
20.3515
20.1829
20.0085
19.8631
19.7332
19.5738
19.375
19.1755
18.9919
18.7901
18.5249
18.1572
17.6526
17.0225
16.3992
15.8999
15.5281
15.4166
15.4979
15.7878
16.3054
16.8263
17.6618
18.5302
20.8377
23.4599
43.4017
44.6533
40.0883
34.4011
29.4839
25.8641
23.6169
22.2115
21.4824
21.4762
21.4432
21.8502
10.9941
13.3875
16.0393
18.2211
20.8222
24.1276
26.1078
27.904
30.0971
31.873
35.1174
37.6051
38.0445
39.922
40.7794
41.1866
42.9935
8.17405
6.06315
5.14721
6.2808
8.19856
10.2019
12.6162
14.1328
15.377
16.9576
18.721
20.046
21.0253
22.3345
23.9469
25.7754
26.7468
25.6101
24.8922
25.7696
26.6874
27.703
26.5545
24.5557
24.978
25.4581
25.9321
26.5335
25.8236
23.517
22.9929
23.2128
23.4787
23.7482
24.0967
24.4449
