# ccx tau_xx tau_yy tau_zz cp yplus
0.997359 1.47278e-06 1.44589e-08 -2.07869e-20 -0.31089 0.505893
0.991772 1.03029e-06 5.07727e-07 -2.55221e-20 -0.277668 0.517861
0.985744 4.906e-06 1.35917e-06 -1.29973e-20 -0.310482 1.14389
0.9796 2.90189e-06 7.65634e-07 -1.32485e-20 -0.298657 0.877238
0.973534 3.71894e-06 1.00361e-06 -1.34518e-20 -0.309414 0.976095
0.967576 3.31207e-06 9.49431e-07 -1.14794e-41 -0.308153 0.907735
0.961703 3.57678e-06 1.01542e-06 -1.38187e-20 -0.313664 0.930506
0.955894 3.36488e-06 9.47303e-07 -3.41507e-24 -0.315056 0.892006
0.950133 3.27494e-06 8.92844e-07 7.31814e-41 -0.318402 0.870376
0.944423 3.11242e-06 8.46263e-07 -6.98687e-24 -0.319794 0.837814
0.938767 3.0988e-06 8.36472e-07 -2.89279e-20 -0.322305 0.825328
0.933162 3.04343e-06 8.20506e-07 -1.45867e-20 -0.324074 0.807368
0.927605 3.07089e-06 8.24612e-07 -1.47299e-20 -0.326336 0.800413
0.922092 3.0446e-06 8.02751e-07 -7.26039e-24 -0.328474 0.787681
0.916623 3.05979e-06 8.03104e-07 1.49998e-20 -0.330586 0.779486
0.911193 3.05649e-06 7.83454e-07 6.0538e-37 -0.332913 0.770353
0.9058 3.05363e-06 7.8011e-07 5.87747e-39 -0.33504 0.760226
0.900445 3.07123e-06 7.74479e-07 -7.68135e-21 -0.337408 0.75327
0.895127 3.07552e-06 7.72461e-07 7.74008e-21 -0.339704 0.744332
0.889847 3.09299e-06 7.70176e-07 7.79896e-21 -0.342112 0.737266
0.884601 3.09474e-06 7.65235e-07 2.29589e-41 -0.344556 0.728388
0.879391 3.11485e-06 7.66703e-07 7.91304e-21 -0.347008 0.721478
0.874214 3.11501e-06 7.55443e-07 1.55641e-23 -0.349625 0.713137
0.86907 3.11803e-06 7.54023e-07 -8.02455e-21 -0.352106 0.704378
0.863957 3.1361e-06 7.48853e-07 8.04815e-21 -0.354805 0.698
0.858875 3.12678e-06 7.38101e-07 -8.1014e-21 -0.357466 0.688741
0.853823 3.1456e-06 7.39567e-07 8.15506e-21 -0.360155 0.682007
0.848799 3.15176e-06 7.2662e-07 3.21848e-23 -0.363013 0.675158
0.843803 3.1406e-06 7.17932e-07 -1.61976e-23 -0.365788 0.665866
0.838839 3.16461e-06 7.20015e-07 -8.35161e-21 -0.368661 0.659947
0.833903 3.16471e-06 7.05343e-07 1.17549e-38 -0.371679 0.6529
0.828993 3.1541e-06 6.98339e-07 -1.6512e-23 -0.3746 0.643898
0.824111 3.17278e-06 6.99038e-07 1.70263e-20 -0.377655 0.63768
0.819255 3.17272e-06 6.86757e-07 -8.57117e-21 -0.380811 0.630699
0.814422 3.1621e-06 6.79221e-07 -8.56984e-21 -0.383944 0.622102
0.809619 3.17139e-06 6.77909e-07 -8.67946e-21 -0.387151 0.61521
0.804843 3.17206e-06 6.69511e-07 8.71487e-21 -0.390471 0.608176
0.800093 3.16516e-06 6.60457e-07 -8.76273e-21 -0.3938 0.600445
0.795366 3.16125e-06 6.5669e-07 1.72069e-23 -0.397212 0.592564
0.790663 3.17185e-06 6.53221e-07 -1.73002e-23 -0.400674 0.586293
0.785985 3.15778e-06 6.3753e-07 -3.76158e-37 -0.404303 0.57879
0.781334 3.15256e-06 6.32789e-07 -1.79356e-20 -0.407832 0.571078
0.776706 3.1541e-06 6.29457e-07 1.46937e-37 -0.411613 0.564047
0.7721 3.1549e-06 6.15777e-07 -1.76946e-23 -0.415347 0.558146
0.767515 3.13364e-06 6.02258e-07 -9.09474e-21 -0.419306 0.550065
0.762955 3.13441e-06 5.97361e-07 9.1517e-21 -0.423131 0.543265
0.75842 3.13365e-06 5.93146e-07 3.3198e-28 -0.427317 0.536413
0.753904 3.12586e-06 5.68751e-07 1.8083e-23 -0.431372 0.531217
0.749406 3.10049e-06 5.58508e-07 9.31121e-21 -0.435717 0.522809
0.744935 3.1006e-06 5.52543e-07 2.93874e-39 -0.439899 0.516369
0.740486 3.09238e-06 5.45779e-07 -1.17549e-38 -0.444512 0.509416
0.736054 3.07766e-06 5.18616e-07 -9.45466e-21 -0.448934 0.504309
0.731643 3.05495e-06 5.10008e-07 -9.51343e-21 -0.453716 0.49638
0.727256 3.04667e-06 5.01932e-07 -1.09909e-36 -0.45833 0.489676
0.72289 3.0346e-06 4.94207e-07 0 -0.463383 0.482786
0.71854 3.0111e-06 4.67799e-07 9.60967e-37 -0.468267 0.477168
0.714212 2.99353e-06 4.58927e-07 9.69834e-21 -0.473503 0.470082
0.709908 2.97164e-06 4.48471e-07 1.90609e-23 -0.47865 0.462724
0.705622 2.95847e-06 4.39626e-07 -1.91418e-23 -0.484145 0.456124
0.701355 2.92158e-06 4.15229e-07 1.92572e-23 -0.489614 0.449332
0.697109 2.9088e-06 4.03273e-07 4.95548e-21 -0.495307 0.443307
0.692883 2.86889e-06 3.89583e-07 4.97583e-21 -0.501128 0.43499
0.688675 2.85925e-06 3.79224e-07 9.84583e-28 -0.507071 0.429034
0.684489 2.80347e-06 3.55265e-07 1.4013e-45 -0.513298 0.42073
0.680321 2.78828e-06 3.35367e-07 2.20405e-38 -0.519458 0.415652
0.676169 2.73644e-06 3.20003e-07 -1.01444e-20 -0.526114 0.406899
0.672039 2.71587e-06 3.05957e-07 5.10745e-21 -0.532549 0.400527
0.667931 2.67119e-06 2.90515e-07 -9.18355e-38 -0.539649 0.392472
0.663836 2.59003e-06 2.50636e-07 1.02943e-20 -0.546473 0.384346
0.65976 2.58339e-06 2.37839e-07 -2.05712e-38 -0.553809 0.37943
0.655705 2.50741e-06 2.15193e-07 -2.03242e-23 -0.561221 0.369413
0.651666 2.48933e-06 1.97824e-07 4.08033e-23 -0.568839 0.363734
0.647646 2.38916e-06 1.65713e-07 -4.10555e-23 -0.576865 0.352986
0.643644 2.31653e-06 1.29962e-07 5.27931e-21 -0.584753 0.345354
0.639657 2.28087e-06 1.11847e-07 5.31925e-21 -0.593196 0.338775
0.635688 2.20888e-06 9.00528e-08 -8.14397e-37 -0.601675 0.329555
0.631741 2.15695e-06 6.72652e-08 5.33455e-21 -0.610558 0.321887
0.627809 2.02161e-06 3.16959e-08 5.39603e-21 -0.61965 0.309081
0.623892 1.94515e-06 5.23551e-11 -2.1118e-23 -0.62881 0.300793
0.619996 1.87739e-06 -2.42846e-08 -5.41091e-21 -0.638464 0.292181
0.616115 1.79357e-06 -5.05721e-08 -5.45147e-21 -0.648219 0.282351
0.612252 1.70359e-06 -7.77845e-08 2.07778e-39 -0.658454 0.272055
0.608408 1.53006e-06 -1.14562e-07 -5.50946e-21 -0.668888 0.25568
0.604579 1.4194e-06 -1.46982e-07 5.52872e-21 -0.679478 0.244255
0.600766 1.32696e-06 -1.73393e-07 -1.46937e-39 -0.69057 0.233647
0.596973 1.20077e-06 -2.09059e-07 -2.93874e-39 -0.701924 0.21998
0.593195 1.08955e-06 -2.4859e-07 5.60618e-21 -0.713686 0.207558
0.589435 8.58715e-07 -2.99218e-07 1.02856e-38 -0.725987 0.183818
0.585692 6.61592e-07 -3.38479e-07 -5.66531e-21 -0.738156 0.162544
0.581962 5.97627e-07 -3.70536e-07 -6.61216e-39 -0.750957 0.154813
0.578251 3.60469e-07 -4.13967e-07 2.1012e-37 -0.764409 0.129719
0.574558 2.98762e-07 -4.60241e-07 5.74379e-21 -0.777529 0.125866
0.57088 -7.61708e-08 -5.22738e-07 -5.78557e-21 -0.792677 0.120881
0.567217 -4.73066e-07 -5.9373e-07 2.26621e-23 -0.806013 0.155043
0.563571 -5.01189e-07 -6.34235e-07 -5.82306e-21 -0.820933 0.158275
0.559938 -8.00888e-07 -6.94709e-07 5.87747e-39 -0.836154 0.183677
0.556324 -9.23285e-07 -7.52479e-07 0 -0.851367 0.193345
0.552728 -1.30262e-06 -8.31372e-07 0 -0.868331 0.220446
0.549143 -1.89359e-06 -9.08489e-07 -7.34684e-40 -0.884335 0.258412
0.545574 -2.14338e-06 -9.62421e-07 -2.97848e-21 -0.900555 0.272084
0.542022 -2.30578e-06 -1.02052e-06 -1.46937e-39 -0.917464 0.279218
0.538484 -2.67482e-06 -1.07916e-06 2.16701e-39 -0.935308 0.296245
0.534963 -2.76312e-06 -1.15743e-06 4.76397e-40 -0.952341 0.298764
0.531459 -3.47019e-06 -1.24036e-06 -2.36385e-23 -0.973183 0.329077
0.527966 -4.18551e-06 -1.29669e-06 2.3741e-23 -0.989582 0.35948
0.52449 -4.21938e-06 -1.35451e-06 -6.13579e-21 -1.00883 0.35801
0.521029 -4.58169e-06 -1.42154e-06 2.39494e-23 -1.02792 0.369154
0.517583 -4.88824e-06 -1.49084e-06 3.05584e-21 -1.04783 0.377521
0.514153 -5.20583e-06 -1.58218e-06 2.41856e-23 -1.0681 0.385912
0.510739 -6.00051e-06 -1.65878e-06 2.42546e-23 -1.09023 0.410232
0.507337 -6.62501e-06 -1.71073e-06 3.07179e-21 -1.1094 0.429085
0.503952 -6.78176e-06 -1.78205e-06 2.44951e-23 -1.13077 0.430426
0.500581 -7.19286e-06 -1.85576e-06 -3.14487e-21 -1.1524 0.4391
0.497225 -7.53991e-06 -1.93904e-06 -3.18751e-21 -1.17456 0.445487
0.493886 -7.98898e-06 -2.04454e-06 3.20053e-21 -1.19783 0.454386
0.490559 -8.9572e-06 -2.11619e-06 3.18469e-21 -1.22221 0.477418
0.487247 -9.6284e-06 -2.1643e-06 -3.22934e-21 -1.24362 0.492958
0.483951 -9.83948e-06 -2.24572e-06 -3.19121e-21 -1.26726 0.494185
0.480666 -1.03034e-05 -2.32618e-06 1.83671e-39 -1.29131 0.501234
0.477399 -1.07256e-05 -2.41679e-06 -2.03185e-37 -1.31587 0.506959
0.474148 -1.1197e-05 -2.54542e-06 -2.54513e-23 -1.34151 0.513602
0.470907 -1.24796e-05 -2.61191e-06 3.29317e-21 -1.36941 0.538312
0.467683 -1.34009e-05 -2.63191e-06 3.289e-21 -1.39172 0.556785
0.464473 -1.35417e-05 -2.72455e-06 -3.3252e-21 -1.41732 0.555334
0.461275 -1.40355e-05 -2.81391e-06 2.58752e-23 -1.44334 0.560718
0.458093 -1.45846e-05 -2.89372e-06 6.6646e-21 -1.47028 0.566798
0.454926 -1.47986e-05 -3.06762e-06 -2.56405e-37 -1.4968 0.566682
0.451772 -1.64533e-05 -3.14179e-06 -3.35448e-21 -1.53067 0.59227
0.448632 -1.79403e-05 -3.08642e-06 1.87294e-39 -1.55237 0.619658
0.445505 -1.78803e-05 -3.19071e-06 -3.38471e-21 -1.57967 0.614158
0.442391 -1.84087e-05 -3.27601e-06 3.38658e-21 -1.60688 0.618386
0.439293 -1.8944e-05 -3.35454e-06 -3.41868e-21 -1.63529 0.622463
0.436209 -1.92349e-05 -3.51384e-06 -3.42969e-21 -1.66327 0.622682
0.433138 -2.05467e-05 -3.622e-06 -3.43084e-21 -1.69756 0.63835
0.430082 -2.23502e-05 -3.56336e-06 3.47495e-21 -1.72434 0.665351
0.427038 -2.28269e-05 -3.60252e-06 -1.35664e-23 -1.75055 0.669996
0.424006 -2.31372e-05 -3.69916e-06 1.96236e-39 -1.77889 0.669821
0.42099 -2.36665e-05 -3.78664e-06 -1.37021e-23 -1.80819 0.672623
0.417988 -2.42044e-05 -3.88191e-06 3.53324e-21 -1.83798 0.67539
0.414998 -2.46359e-05 -4.07961e-06 1.38102e-23 -1.86902 0.676784
0.412024 -2.66726e-05 -4.09225e-06 1.76232e-21 -1.90614 0.699876
0.409061 -2.82663e-05 -3.96926e-06 -1.78196e-21 -1.92956 0.721735
0.40611 -2.82075e-05 -4.09247e-06 -4.75708e-38 -1.95908 0.716402
0.403175 -2.87564e-05 -4.17601e-06 1.40636e-23 -1.98885 0.71857
0.400253 -2.93222e-05 -4.25825e-06 -1.9718e-27 -2.01973 0.720807
0.397343 -2.97455e-05 -4.40605e-06 3.61711e-21 -2.05069 0.721326
0.394449 -3.08627e-05 -4.53715e-06 3.67342e-40 -2.08652 0.729859
0.391567 -3.2933e-05 -4.45271e-06 -1.40692e-37 -2.11903 0.752122
0.388696 -3.39027e-05 -4.40685e-06 1.82441e-21 -2.14535 0.762024
0.38584 -3.40884e-05 -4.51956e-06 1.44409e-23 -2.17547 0.759516
0.382997 -3.46544e-05 -4.6067e-06 1.84022e-21 -2.20649 0.761111
0.380167 -3.52717e-05 -4.69269e-06 1.87837e-21 -2.23832 0.763147
0.377351 -3.56633e-05 -4.87703e-06 -1.87382e-21 -2.27064 0.762834
0.374548 -3.71382e-05 -4.96627e-06 -3.05113e-27 -2.30952 0.773554
0.371756 -3.91527e-05 -4.84052e-06 2.29589e-41 -2.34034 0.793304
0.368978 -3.98054e-05 -4.85711e-06 -1.48298e-23 -2.36953 0.797387
0.366214 -4.01844e-05 -4.96073e-06 1.92004e-21 -2.40112 0.796625
0.36346 -4.08042e-05 -5.04919e-06 1.10203e-39 -2.43378 0.798148
0.360722 -4.14789e-05 -5.13335e-06 1.50376e-23 -2.46705 0.800099
0.357997 -4.19209e-05 -5.32136e-06 -1.50933e-23 -2.50085 0.799883
0.355282 -4.34882e-05 -5.39987e-06 1.51425e-23 -2.54139 0.809923
0.352582 -4.55233e-05 -5.26569e-06 -2.16967e-27 -2.57315 0.827559
0.349895 -4.61765e-05 -5.29987e-06 1.94235e-21 -2.60406 0.830697
0.347218 -4.66269e-05 -5.41307e-06 -1.53497e-23 -2.63743 0.830282
0.344555 -4.73119e-05 -5.5112e-06 -1.962e-21 -2.67213 0.831866
0.341907 -4.80527e-05 -5.59963e-06 -3.14157e-27 -2.70753 0.833835
0.339269 -4.84881e-05 -5.81819e-06 3.98565e-21 -2.74349 0.833251
0.336644 -5.02668e-05 -5.9298e-06 -1.56446e-23 -2.78788 0.843764
0.334033 -5.3133e-05 -5.68974e-06 4.02347e-21 -2.82311 0.86704
0.331433 -5.41611e-05 -5.61784e-06 2.03515e-21 -2.85173 0.874421
0.328844 -5.43449e-05 -5.75503e-06 1.58524e-23 -2.88523 0.871656
0.326269 -5.49728e-05 -5.85797e-06 -1.59466e-23 -2.92015 0.872385
0.323707 -5.5712e-05 -5.94687e-06 -3.2785e-27 -2.95645 0.873911
0.321156 -5.61659e-05 -6.14326e-06 -2.05676e-21 -2.99302 0.873258
0.318618 -5.73371e-05 -6.42912e-06 2.06981e-21 -3.03734 0.878123
0.316094 -6.16594e-05 -6.08719e-06 2.05929e-21 -3.08475 0.909151
0.313579 -6.41614e-05 -5.62496e-06 1.05803e-21 -3.10344 0.93133
0.311076 -6.35462e-05 -5.83247e-06 -1.83671e-40 -3.13413 0.92298
0.308588 -6.39858e-05 -5.93253e-06 1.64549e-23 -3.1659 0.922222
0.30611 -6.46168e-05 -6.01712e-06 -1.07393e-21 -3.20034 0.92279
0.303644 -6.52338e-05 -6.08783e-06 -6.32047e-38 -3.23447 0.923205
0.301191 -6.48133e-05 -6.60927e-06 -1.06894e-21 -3.27012 0.916647
0.298752 -6.947e-05 -6.4013e-06 -5.51013e-40 -3.33281 0.944566
0.296321 -7.42739e-05 -5.47776e-06 -8.66468e-38 -3.34481 0.983921
0.293903 -7.34427e-05 -5.62476e-06 -1.08183e-21 -3.36862 0.976464
0.291498 -7.35417e-05 -5.72423e-06 1.08758e-21 -3.39502 0.973606
0.289105 -7.39053e-05 -5.81252e-06 -1.70649e-23 -3.42403 0.972487
0.286722 -7.44829e-05 -5.88021e-06 -1.09682e-21 -3.45421 0.972746
0.284352 -7.48123e-05 -6.05326e-06 2.70934e-27 -3.48506 0.971437
0.281996 -7.59628e-05 -6.25176e-06 2.23436e-21 -3.52335 0.975407
0.27965 -7.96483e-05 -5.89429e-06 3.30608e-39 -3.56225 0.997556
0.277314 -8.16965e-05 -5.49988e-06 -1.11789e-21 -3.57797 1.01223
0.274992 -8.12887e-05 -5.67062e-06 1.12465e-21 -3.60359 1.0065
0.272682 -8.17688e-05 -5.73743e-06 -1.12084e-21 -3.62995 1.00624
0.270383 -8.23283e-05 -5.80881e-06 1.12575e-21 -3.65802 1.00645
0.268095 -8.29854e-05 -5.87454e-06 -1.14981e-21 -3.68679 1.00724
0.265821 -8.35242e-05 -6.00701e-06 8.96376e-24 -3.71654 1.00733
0.263558 -8.48184e-05 -6.05553e-06 1.15198e-21 -3.7511 1.01187
0.261305 -8.6545e-05 -5.9366e-06 -2.29589e-40 -3.78038 1.02032
0.259064 -8.73393e-05 -5.94466e-06 1.37733e-27 -3.80794 1.02275
0.256836 -8.78417e-05 -6.04001e-06 2.57139e-39 -3.83811 1.02259
0.25462 -8.85123e-05 -6.1273e-06 2.34141e-21 -3.86964 1.0234
0.252414 -8.92966e-05 -6.1997e-06 9.22412e-24 -3.90291 1.02483
0.25022 -8.99662e-05 -6.27642e-06 -9.27485e-24 -3.93643 1.02557
0.248038 -8.99333e-05 -6.64737e-06 1.92698e-27 -3.97186 1.02246
0.245868 -9.34456e-05 -6.54881e-06 1.65905e-27 -4.02702 1.03899
0.243708 -9.76249e-05 -5.86411e-06 2.41585e-21 -4.04915 1.06468
0.241559 -9.74832e-05 -5.89535e-06 -6.0483e-22 -4.07422 1.06287
0.239423 -9.72543e-05 -6.04744e-06 1.22679e-21 -4.10503 1.05887
0.237299 -9.73183e-05 -6.19816e-06 -6.21157e-22 -4.13992 1.05649
0.235185 -9.7732e-05 -6.28636e-06 -1.22907e-21 -4.17981 1.05598
0.233081 -9.75272e-05 -6.42464e-06 -6.17473e-22 -4.21937 1.05214
0.23099 -9.47907e-05 -7.72643e-06 6.21589e-22 -4.26693 1.03513
0.228911 -0.000108033 -6.86175e-06 -2.54384e-38 -4.3941 1.10155
0.226842 -0.000122342 -3.50049e-06 3.58732e-42 -4.36474 1.1927
0.224783 -0.000118027 -3.48084e-06 -9.80015e-24 -4.35844 1.17639
0.222734 -0.000115124 -3.79192e-06 9.86066e-24 -4.36718 1.16026
0.220698 -0.000113176 -4.0611e-06 -3.17736e-22 -4.38628 1.14885
0.218674 -0.000112298 -4.19252e-06 -3.29418e-22 -4.41617 1.1428
0.21666 -0.00011111 -4.28893e-06 -3.11067e-22 -4.44645 1.13512
0.214657 -0.000105001 -6.24159e-06 -1.96298e-38 -4.48224 1.10243
0.212664 -0.000121845 -5.17566e-06 4.1774e-38 -4.65087 1.18544
0.210684 -0.000148588 1.28165e-06 1.01019e-23 -4.61443 1.34093
0.208714 -0.000145762 2.88952e-06 -1.01469e-23 -4.52484 1.3466
0.206755 -0.000136508 1.82001e-06 -1.63479e-22 -4.49329 1.30359
0.204807 -0.000132046 1.39083e-06 1.64593e-22 -4.47478 1.28263
0.202869 -0.000128598 1.02999e-06 1.55265e-22 -4.4725 1.26624
0.200943 -0.000125768 7.96663e-07 1.0428e-23 -4.47861 1.25265
0.199029 -0.000119812 -5.27697e-07 -1.67879e-22 -4.4898 1.22303
0.197126 -0.000124679 -1.29657e-06 -1.6807e-22 -4.58682 1.24793
0.195233 -0.000157621 5.5682e-06 1.04658e-23 -4.67397 1.42363
0.193352 -0.000168661 1.19336e-05 6.21191e-27 -4.47531 1.51067
0.191482 -0.000151233 9.10327e-06 -2.11704e-23 -4.41495 1.43285
0.189624 -0.000145874 8.58306e-06 -6.73033e-22 -4.35679 1.41021
0.187778 -0.000140502 7.8773e-06 9.18355e-41 -4.32096 1.38674
0.185942 -0.000137311 7.58315e-06 4.59177e-41 -4.29784 1.37366
0.184116 -0.000132976 7.10596e-06 -6.86498e-22 -4.2743 1.35438
0.182301 -0.000121988 3.96509e-06 -7.2417e-22 -4.26183 1.29923
0.180496 -0.000149719 8.47488e-06 1.08996e-23 -4.45135 1.4428
0.178705 -0.000173232 1.80733e-05 1.40222e-21 -4.22899 1.59521
0.176927 -0.000154239 1.5001e-05 -3.89929e-27 -4.15278 1.51209
0.17516 -0.000147983 1.4233e-05 1.42324e-21 -4.07853 1.48589
0.173403 -0.000141548 1.32665e-05 1.12044e-23 -4.0287 1.45767
0.171657 -0.000136988 1.26291e-05 -2.25681e-23 -3.99141 1.4384
0.169921 -0.000132888 1.2093e-05 2.90865e-21 -3.96532 1.42099
0.168195 -0.000125422 1.04702e-05 1.1443e-23 -3.94058 1.38425
0.166479 -0.000127708 9.9915e-06 -1.46552e-21 -4.0014 1.40072
0.164776 -0.000163935 1.89256e-05 5.68573e-24 -4.08053 1.60769
0.163089 -0.000175869 2.68753e-05 -5.70641e-24 -3.82667 1.704
0.161415 -0.000154131 2.22938e-05 1.47401e-21 -3.73828 1.60111
0.15975 -0.000147504 2.12941e-05 7.34684e-40 -3.64652 1.57331
0.158097 -0.000140317 1.9984e-05 1.10203e-39 -3.58097 1.54097
0.156453 -0.000135398 1.91544e-05 -1.51918e-21 -3.52751 1.52012
0.154819 -0.000130722 1.83336e-05 -1.16983e-27 -3.48312 1.49981
0.153196 -0.000122415 1.63093e-05 6.0009e-24 -3.44166 1.45678
0.151582 -0.000132377 1.81411e-05 3.06152e-21 -3.50952 1.52152
0.149982 -0.000158958 2.68891e-05 -7.05297e-38 -3.45762 1.69166
0.148397 -0.000158077 2.98187e-05 5.99927e-24 -3.28092 1.71009
0.146825 -0.000143479 2.6525e-05 -1.55623e-21 -3.19083 1.63693
0.145263 -0.000137118 2.52986e-05 -6.1167e-24 -3.10703 1.60842
0.143711 -0.000131113 2.40508e-05 1.58498e-21 -3.04029 1.58058
0.142169 -0.000126614 2.31475e-05 -1.59135e-21 -2.98393 1.56086
0.140637 -0.000122517 2.22885e-05 -1.60336e-21 -2.9349 1.54279
0.139114 -0.000116363 2.0804e-05 4.73871e-38 -2.88979 1.51042
0.137602 -0.000122053 2.21328e-05 6.30312e-24 -2.91155 1.55466
0.136101 -0.000139621 2.81516e-05 -6.2933e-24 -2.86549 1.67995
0.134614 -0.000138612 3.00165e-05 -1.61467e-21 -2.7322 1.69092
0.13314 -0.00012734 2.73011e-05 2.03613e-27 -2.6603 1.62897
0.131676 -0.000122195 2.61887e-05 -6.45387e-24 -2.59185 1.60428
0.130221 -0.000117085 2.5017e-05 -1.65995e-21 -2.53646 1.57856
0.128776 -0.000113048 2.41108e-05 -1.68656e-21 -2.48923 1.55911
0.127341 -0.000109697 2.3343e-05 1.69296e-21 -2.45005 1.54362
0.125915 -0.000105054 2.21746e-05 -1.7064e-21 -2.41225 1.51798
0.124499 -0.000104593 2.21247e-05 -6.671e-24 -2.41016 1.52234
0.123094 -0.000126028 2.8482e-05 6.61562e-24 -2.43827 1.68373
0.121705 -0.000133243 3.35552e-05 -1.69657e-21 -2.27646 1.75016
0.120329 -0.000118084 2.95119e-05 -1.7206e-21 -2.21401 1.65629
0.118963 -0.000113652 2.84759e-05 -6.79623e-24 -2.14379 1.6342
0.117607 -0.000108249 2.70865e-05 -1.75598e-21 -2.09049 1.60364
0.116259 -0.000104356 2.61061e-05 0 -2.04229 1.58313
0.114921 -0.000101124 2.5333e-05 3.57124e-21 -2.00319 1.56686
0.113593 -9.79565e-05 2.4401e-05 0 -1.96563 1.55006
0.112273 -9.27318e-05 2.32158e-05 -3.63027e-21 -1.93484 1.51631
0.110963 -0.000105057 2.66701e-05 -9.24799e-28 -1.97155 1.62302
0.109666 -0.000118139 3.23976e-05 7.0431e-24 -1.87516 1.73426
0.108384 -0.000109878 3.10224e-05 1.81475e-21 -1.79999 1.683
0.107113 -0.000103542 2.92824e-05 -2.93874e-39 -1.74031 1.64307
0.10585 -9.9011e-05 2.80318e-05 -3.70813e-21 -1.68971 1.6158
0.104597 -9.52867e-05 2.69854e-05 -1.87106e-21 -1.64515 1.59391
0.103354 -9.20622e-05 2.60926e-05 7.37261e-24 -1.60667 1.57531
0.102119 -8.96948e-05 2.54336e-05 1.89502e-21 -1.57379 1.56332
0.100893 -8.6921e-05 2.45881e-05 7.48946e-24 -1.54138 1.54703
0.0996756 -8.2932e-05 2.37985e-05 -9.04775e-29 -1.51707 1.51985
0.0984672 -9.60289e-05 2.74996e-05 1.90026e-21 -1.54656 1.64394
0.0972726 -0.000103834 3.20351e-05 1.92036e-21 -1.44072 1.71838
0.096092 -9.26924e-05 2.87036e-05 -1.94425e-21 -1.40044 1.63248
0.0949203 -8.98785e-05 2.79078e-05 3.83363e-24 -1.35229 1.61659
0.0937573 -8.59386e-05 2.67245e-05 1.98155e-21 -1.31544 1.58948
0.0926031 -8.31794e-05 2.58929e-05 1.99938e-21 -1.28109 1.57224
0.0914575 -8.05905e-05 2.51334e-05 -2.01649e-21 -1.25211 1.55592
0.0903205 -7.88557e-05 2.46092e-05 -2.03264e-21 -1.22709 1.54719
0.0891921 -7.6557e-05 2.38683e-05 -2.0483e-21 -1.20213 1.53233
0.0880721 -7.34749e-05 2.34208e-05 0 -1.18537 1.51027
0.0869606 -8.7232e-05 2.73113e-05 3.95956e-24 -1.2143 1.6528
0.0858637 -9.56632e-05 3.24034e-05 2.03774e-21 -1.12031 1.73538
0.0847815 -8.51427e-05 2.91476e-05 2.06441e-21 -1.08318 1.64603
0.0837081 -8.24408e-05 2.83047e-05 -2.09039e-21 -1.03956 1.62873
0.082643 -7.87718e-05 2.71158e-05 2.11141e-21 -1.00588 1.60083
0.0815863 -7.63094e-05 2.63091e-05 2.13126e-21 -0.974261 1.58408
0.0805377 -7.39878e-05 2.55591e-05 9.18355e-41 -0.946802 1.56811
0.0794974 -7.22222e-05 2.49825e-05 2.16812e-21 -0.92219 1.55739
0.0784655 -7.04918e-05 2.44077e-05 -1.55753e-37 -0.899419 1.54656
0.0774422 -6.875e-05 2.40721e-05 -2.20026e-21 -0.880396 1.53594
0.0764268 -7.2889e-05 2.56166e-05 -4.38646e-21 -0.877002 1.58976
0.0754218 -7.87476e-05 2.82479e-05 4.29379e-24 -0.842501 1.65639
0.0744291 -7.63083e-05 2.79171e-05 2.20946e-21 -0.801479 1.63606
0.0734462 -7.23358e-05 2.6581e-05 4.37206e-24 -0.771816 1.60142
0.0724719 -7.00647e-05 2.5801e-05 2.26672e-21 -0.743778 1.5843
0.071506 -6.79013e-05 2.50531e-05 -2.23188e-24 -0.719177 1.56767
0.070548 -6.61053e-05 2.44344e-05 0 -0.696696 1.55465
0.0695978 -6.45512e-05 2.39099e-05 -2.32537e-21 -0.676601 1.544
0.0686553 -6.33499e-05 2.3491e-05 -2.34636e-21 -0.658388 1.53707
0.0677209 -6.19921e-05 2.30312e-05 2.36684e-21 -0.641102 1.52801
0.0667947 -6.09472e-05 2.3021e-05 -2.93874e-39 -0.627944 1.52375
0.065876 -6.66865e-05 2.50476e-05 2.2971e-24 -0.627939 1.6009
0.0649682 -7.01687e-05 2.69943e-05 -2.31771e-24 -0.586172 1.6418
0.064072 -6.52965e-05 2.53941e-05 -2.39779e-21 -0.564021 1.59135
0.0631844 -6.36098e-05 2.47845e-05 -2.43062e-21 -0.540019 1.57835
0.0623046 -6.1502e-05 2.40341e-05 -2.44961e-21 -0.52024 1.55965
0.0614322 -5.99756e-05 2.3483e-05 -2.41655e-24 -0.50176 1.54759
0.0605678 -5.85309e-05 2.29756e-05 -2.49972e-21 -0.485358 1.53618
0.0597114 -5.73992e-05 2.25922e-05 5.04144e-21 -0.470695 1.52849
0.0588623 -5.65761e-05 2.22995e-05 -2.54035e-21 -0.45756 1.52449
0.0580206 -5.55876e-05 2.19848e-05 -2.56183e-21 -0.445157 1.51828
0.0571866 -5.51833e-05 2.23114e-05 1.25162e-24 -0.436792 1.52165
0.0563601 -6.25317e-05 2.50229e-05 -5.50324e-38 -0.441099 1.62594
0.055545 -6.73168e-05 2.76809e-05 1.24358e-24 -0.400174 1.68069
0.0547426 -6.20734e-05 2.59259e-05 -1.89097e-24 -0.379159 1.62079
0.0539485 -6.03725e-05 2.52713e-05 -2.61165e-21 -0.356223 1.60591
0.0531616 -5.82414e-05 2.4468e-05 -2.64156e-21 -0.337368 1.5849
0.0523824 -5.67775e-05 2.39014e-05 -2.67105e-21 -0.319616 1.57208
0.0516105 -5.54088e-05 2.33777e-05 -4.54132e-29 -0.303588 1.56015
0.0508458 -5.42844e-05 2.2952e-05 6.64318e-25 -0.288794 1.55124
0.0500886 -5.33529e-05 2.25995e-05 -2.74551e-21 -0.275209 1.54473
0.0493383 -5.25102e-05 2.22827e-05 1.83671e-40 -0.26243 1.53925
0.0485952 -5.1762e-05 2.21268e-05 -2.78853e-21 -0.250948 1.53557
0.0478593 -5.29055e-05 2.27476e-05 8.50499e-26 -0.243327 1.55964
0.0471312 -5.55551e-05 2.39217e-05 -1.39684e-21 -0.2297 1.60056
0.0464128 -5.5097e-05 2.39489e-05 -2.81803e-21 -0.209359 1.59561
0.045703 -5.27864e-05 2.30742e-05 1.74041e-25 -0.195172 1.56895
0.0450006 -5.1723e-05 2.2642e-05 2.88501e-21 -0.180734 1.55968
0.0443053 -5.05054e-05 2.21615e-05 -3.5648e-25 -0.168002 1.54786
0.0436171 -4.95537e-05 2.17826e-05 1.47232e-21 -0.15604 1.53966
0.042936 -4.86745e-05 2.14412e-05 -7.24747e-25 -0.145042 1.53234
0.0422619 -4.79545e-05 2.117e-05 7.31874e-25 -0.134883 1.52728
0.0415947 -4.73868e-05 2.09535e-05 1.51005e-21 -0.125459 1.52439
0.0409343 -4.68358e-05 2.07621e-05 0 -0.116575 1.52174
0.0402807 -4.65691e-05 2.08472e-05 1.5297e-21 -0.108977 1.52446
0.0396337 -4.86032e-05 2.18319e-05 -1.46937e-38 -0.104498 1.56383
0.0389949 -5.13849e-05 2.31316e-05 1.49409e-24 -0.0914165 1.60692
0.0383657 -5.0492e-05 2.29701e-05 -1.50768e-24 -0.0754881 1.59376
0.0377447 -4.85146e-05 2.21974e-05 0 -0.0637372 1.56891
0.0371306 -4.7475e-05 2.17617e-05 -1.58397e-21 -0.052081 1.55817
0.0365235 -4.63627e-05 2.13081e-05 -1.60115e-21 -0.0417677 1.54601
0.035923 -4.54811e-05 2.09457e-05 1.61785e-21 -0.0321299 1.53724
0.0353293 -4.46759e-05 2.06217e-05 -1.63346e-21 -0.0232795 1.52953
0.0347422 -4.40006e-05 2.03599e-05 -1.61142e-24 -0.0151048 1.52382
0.0341616 -4.34757e-05 2.01612e-05 1.62703e-24 -0.00758874 1.52048
0.0335876 -4.30585e-05 1.99985e-05 -1.64074e-24 -0.000544301 1.51882
0.0330198 -4.26708e-05 1.99326e-05 1.68876e-21 0.00595229 1.51817
0.0324585 -4.3262e-05 2.04636e-05 1.64873e-24 0.0107637 1.53568
0.0319037 -4.64388e-05 2.18461e-05 -5.16575e-41 0.0149971 1.59449
0.0313577 -4.75718e-05 2.25442e-05 -6.46522e-38 0.0317501 1.60653
0.0308208 -4.47204e-05 2.14538e-05 -1.72197e-21 0.0401298 1.56472
0.0302905 -4.40599e-05 2.11352e-05 -3.4103e-24 0.0503303 1.5585
0.0297666 -4.28072e-05 2.06135e-05 -3.53528e-21 0.0585976 1.54217
0.029249 -4.19894e-05 2.02592e-05 1.74622e-24 0.0665592 1.53292
0.0287379 -4.11634e-05 1.99108e-05 1.76675e-24 0.0737279 1.52335
0.0282332 -4.04734e-05 1.96231e-05 -1.78569e-24 0.0803699 1.51599
0.0277346 -3.9864e-05 1.93787e-05 -1.84728e-21 0.0864439 1.50996
0.0272421 -3.93806e-05 1.91901e-05 -1.76324e-38 0.0920084 1.50611
0.0267556 -3.89997e-05 1.90377e-05 -5.07174e-28 0.0971385 1.504
0.0262752 -3.86682e-05 1.89599e-05 1.85221e-24 0.101879 1.50316
0.0258007 -3.88745e-05 1.92624e-05 2.79219e-29 0.105699 1.5135
0.0253319 -4.07031e-05 2.01091e-05 -9.47875e-22 0.108611 1.55334
0.0248706 -4.15768e-05 2.05934e-05 0 0.118495 1.56463
0.0244171 -3.98042e-05 1.99588e-05 -2.86986e-42 0.123467 1.53731
0.0239699 -3.95238e-05 1.98444e-05 9.58658e-25 0.129474 1.53688
0.0235288 -3.88985e-05 1.9629e-05 9.91358e-22 0.134184 1.53032
0.0230938 -3.86977e-05 1.95933e-05 -1.00205e-21 0.138634 1.53164
0.0226647 -3.86266e-05 1.96274e-05 1.00866e-21 0.142556 1.53554
0.0222416 -3.88261e-05 1.97985e-05 -2.35099e-38 0.146112 1.54477
0.0218243 -3.93837e-05 2.01464e-05 -2.02781e-21 0.149271 1.56101
0.0214127 -4.0387e-05 2.06619e-05 -1.18387e-27 0.15238 1.58535
0.0210068 -4.19302e-05 2.13432e-05 2.93874e-39 0.155893 1.61953
0.0206064 -4.53655e-05 2.37483e-05 9.70289e-22 0.158914 1.69455
0.0202116 -5.42512e-05 2.84419e-05 9.19386e-22 0.161531 1.85886
0.0198222 -6.26917e-05 3.31614e-05 -1.17549e-38 0.185413 2.01066
0.0194382 -6.67256e-05 4.59997e-05 -7.50043e-22 0.24617 2.14502
0.0909477 -3.28912e-05 -3.34457e-06 -8.76774e-24 -0.471363 1.57176
0.10015 -2.97579e-05 -2.8068e-06 4.39712e-24 -0.40635 1.49007
0.109356 -3.10133e-05 -2.90467e-06 9.01274e-21 -0.406868 1.51692
0.118566 -3.15905e-05 -2.83592e-06 -4.40248e-24 -0.394025 1.52674
0.127784 -3.02031e-05 -2.22633e-06 -4.50263e-21 -0.4049 1.48398
0.13701 -2.82544e-05 -1.86409e-06 -4.52458e-21 -0.373246 1.4309
0.146239 -2.8744e-05 -1.81052e-06 -2.26429e-37 -0.363981 1.43964
0.155472 -2.76158e-05 -1.45703e-06 -4.52606e-21 -0.360137 1.40576
0.16471 -2.63297e-05 -1.21499e-06 4.42588e-24 -0.337499 1.36926
0.173949 -2.57912e-05 -1.07408e-06 -2.27224e-21 -0.325141 1.35227
0.183191 -2.5029e-05 -9.58142e-07 4.5434e-21 -0.308809 1.33011
0.192433 -2.49315e-05 -9.49755e-07 -2.27946e-21 -0.293998 1.32641
0.201675 -2.48023e-05 -9.12313e-07 4.4356e-24 -0.286376 1.32156
0.210919 -2.45164e-05 -8.77957e-07 4.54156e-21 -0.275662 1.31282
0.220162 -2.43787e-05 -8.55403e-07 -2.27026e-21 -0.26845 1.30805
0.229406 -2.41956e-05 -8.36419e-07 2.27081e-21 -0.261028 1.30221
0.23865 -2.41155e-05 -8.32271e-07 2.22015e-24 -0.254982 1.29926
0.247894 -2.41276e-05 -8.41763e-07 4.54732e-21 -0.250136 1.29893
0.257137 -2.42506e-05 -8.52707e-07 -2.27376e-21 -0.247056 1.30152
0.266381 -2.42328e-05 -8.42404e-07 -2.22055e-24 -0.24596 1.30019
0.275625 -2.44209e-05 -8.47324e-07 -2.27168e-21 -0.243388 1.30445
0.28487 -2.42536e-05 -7.86937e-07 -4.72823e-39 -0.246302 1.29877
0.294115 -2.43293e-05 -7.76074e-07 -2.27434e-21 -0.241276 1.29999
0.30336 -2.40573e-05 -6.79833e-07 3.21424e-40 -0.246715 1.29131
0.312606 -2.39417e-05 -6.57165e-07 1.59389e-40 -0.238543 1.28748
0.321853 -2.37087e-05 -5.62003e-07 -2.22194e-24 -0.24405 1.27995
0.3311 -2.35485e-05 -5.42353e-07 4.44506e-24 -0.234803 1.27504
0.340347 -2.33422e-05 -4.56136e-07 -2.2227e-24 -0.23973 1.2684
0.349595 -2.3208e-05 -4.43461e-07 -1.13944e-21 -0.230259 1.26431
0.358844 -2.30102e-05 -3.6375e-07 -1.23883e-29 -0.23499 1.25806
0.368092 -2.29006e-05 -3.58364e-07 1.13978e-21 -0.225335 1.25473
0.377341 -2.27392e-05 -2.86357e-07 1.13868e-21 -0.230171 1.24962
0.38659 -2.26339e-05 -2.84881e-07 1.13893e-21 -0.220729 1.24649
0.395839 -2.25414e-05 -2.24844e-07 -5.69472e-22 -0.225445 1.24343
0.405088 -2.24573e-05 -2.20651e-07 5.69568e-22 -0.217089 1.24092
0.414337 -2.23879e-05 -1.64763e-07 -5.69572e-22 -0.221546 1.23861
0.423587 -2.22905e-05 -1.52543e-07 -4.30479e-42 -0.2143 1.23576
0.432836 -2.22096e-05 -9.1646e-08 2.0089e-38 -0.218129 1.23324
0.442086 -2.19914e-05 -6.59849e-08 -1.69041e-38 -0.211792 1.22707
0.451335 -2.19343e-05 -1.01813e-08 -2.78231e-25 -0.21335 1.22534
0.460585 -2.15946e-05 2.90532e-08 7.15184e-23 -0.208842 1.21579
0.469835 -2.15601e-05 6.56381e-08 -8.69739e-27 -0.206582 1.21485
0.479084 -2.12638e-05 1.07306e-07 8.69835e-27 -0.204687 1.20655
0.488334 -2.12278e-05 1.27208e-07 -1.75007e-38 -0.19962 1.20565
0.497583 -2.10221e-05 1.66027e-07 1.14794e-41 -0.19984 1.19996
0.506833 -2.10349e-05 1.77859e-07 -5.69693e-22 -0.193483 1.20052
0.516082 -2.08025e-05 2.23774e-07 -5.56891e-25 -0.195806 1.19414
0.525331 -2.08999e-05 2.29311e-07 5.56941e-25 -0.187542 1.19717
0.53458 -2.06142e-05 2.9839e-07 5.56965e-25 -0.192966 1.18942
0.543829 -2.05035e-05 3.00271e-07 -1.11412e-24 -0.181884 1.18652
0.553077 -2.03339e-05 3.72143e-07 1.14088e-21 -0.187332 1.18222
0.562325 -1.99844e-05 3.77647e-07 1.11447e-24 -0.176523 1.17244
0.571573 -1.99043e-05 4.30936e-07 1.59632e-29 -0.178252 1.17075
0.58082 -1.95674e-05 4.42025e-07 2.28191e-21 -0.170174 1.16134
0.590067 -1.95005e-05 4.75499e-07 -1.11418e-29 -0.16851 1.16001
0.599314 -1.92764e-05 4.90215e-07 -2.28352e-21 -0.162984 1.15394
0.60856 -1.91878e-05 5.1566e-07 2.28372e-21 -0.159779 1.15198
0.617806 -1.89899e-05 5.35135e-07 2.28395e-21 -0.155657 1.14675
0.627052 -1.88867e-05 5.61702e-07 -1.83671e-40 -0.151457 1.14442
0.636297 -1.85939e-05 5.89377e-07 -2.28445e-21 -0.148276 1.13644
0.645542 -1.84411e-05 6.14628e-07 2.2313e-24 -0.141987 1.13265
0.654786 -1.80594e-05 6.49813e-07 -2.23154e-24 -0.139494 1.12204
0.664029 -1.78088e-05 6.68872e-07 -2.28796e-21 -0.130563 1.11521
0.673271 -1.73695e-05 7.07204e-07 -2.28609e-21 -0.127957 1.10276
0.682512 -1.69752e-05 7.16567e-07 2.23327e-24 -0.116657 1.09126
0.691752 -1.64537e-05 7.51294e-07 4.59177e-40 -0.112602 1.07595
0.700991 -1.59254e-05 7.46242e-07 4.57679e-21 -0.0991471 1.05966
0.710229 -1.53132e-05 7.59127e-07 -5.89951e-37 -0.0928101 1.04063
0.719466 -1.46875e-05 7.28018e-07 -4.57831e-21 -0.0772804 1.02007
0.728703 -1.42288e-05 7.10855e-07 4.57981e-21 -0.068366 1.00499
0.73794 -1.37698e-05 6.66703e-07 4.58392e-21 -0.0535123 0.989166
0.747178 -1.33229e-05 6.18514e-07 4.91136e-37 -0.0439245 0.973365
0.756417 -1.31892e-05 5.66951e-07 -4.58232e-21 -0.0288885 0.968264
0.765657 -1.26749e-05 4.97325e-07 -4.4802e-24 -0.022476 0.94912
0.774899 -1.28826e-05 4.24508e-07 -2.29449e-21 -0.00474924 0.955449
0.784144 -1.24149e-05 3.60029e-07 -4.59357e-21 -0.00505281 0.937705
0.79339 -1.26527e-05 2.22589e-07 1.15631e-21 0.0161061 0.9433
0.802638 -1.30479e-05 1.83226e-07 -4.48197e-24 0.0107711 0.956877
0.811887 -1.27337e-05 1.63925e-08 -1.43152e-29 0.0249882 0.941615
0.821136 -1.37518e-05 -7.48933e-08 -6.1232e-32 0.0259264 0.975205
0.830385 -1.33332e-05 -2.00274e-07 4.48176e-24 0.0250761 0.957459
0.839632 -1.42451e-05 -4.12237e-07 -8.95911e-24 0.0354589 0.982839
0.848877 -1.51775e-05 -5.40286e-07 4.4796e-24 0.0232855 1.01061
0.858117 -1.50873e-05 -7.33282e-07 -4.47836e-24 0.0252946 1.00202
0.867352 -1.64002e-05 -9.88603e-07 8.95233e-24 0.0211199 1.03662
0.876579 -1.73798e-05 -1.19411e-06 -4.47545e-24 0.0080481 1.06136
0.8858 -1.76338e-05 -1.40495e-06 4.47405e-24 -0.00110196 1.06259
0.895011 -1.89367e-05 -1.73167e-06 9.14889e-21 -0.00933922 1.09139
0.904212 -2.02904e-05 -2.03374e-06 4.46838e-24 -0.0306169 1.12165
0.913402 -2.13205e-05 -2.35215e-06 9.14962e-21 -0.047773 1.14106
0.92258 -2.26997e-05 -2.72282e-06 9.14373e-21 -0.0712573 1.16746
0.931746 -2.46679e-05 -3.18577e-06 9.13607e-21 -0.0971036 1.20584
0.940896 -2.67353e-05 -3.70719e-06 9.126e-21 -0.135272 1.24352
0.950034 -3.01719e-05 -4.29594e-06 9.11557e-21 -0.173939 1.31074
0.959165 -3.10154e-05 -4.5963e-06 -9.10917e-21 -0.243389 1.32289
0.968284 -3.69699e-05 -5.58607e-06 8.86912e-24 -0.266495 1.4276
0.977362 -4.20207e-05 -7.66645e-06 1.8017e-20 -0.409186 1.47754
0.986433 -8.26097e-05 -9.86902e-06 1.58692e-37 -0.485601 2.11712
0.99549 -3.93583e-05 7.97694e-06 -1.0762e-42 -1.3328 1.77677
0.0144265 -0.000112328 -8.56873e-05 1.46937e-38 -1.3298 3.81395
0.0149759 -7.9882e-05 -5.31697e-05 4.53715e-23 -1.22511 3.1291
0.0155818 -7.24207e-05 -4.40502e-05 -4.97137e-23 -1.21598 2.92008
0.0162498 -7.78785e-05 -4.61243e-05 1.46937e-39 -1.23946 2.9998
0.0169872 -9.23735e-05 -5.56232e-05 -8.48043e-40 -1.24781 3.25729
0.0178062 -0.000100429 -5.82923e-05 -5.41485e-38 -1.33586 3.36025
0.0187145 -0.0001726 -0.000109053 0 -1.35612 4.44141
0.0197831 -0.000113941 -5.66127e-05 -9.30319e-22 -2.07915 3.23745
0.0210318 4.11957e-05 2.53377e-05 -4.97992e-23 -1.51784 1.96313
0.0224127 1.28588e-05 8.9429e-06 -3.21883e-21 -1.44308 1.11376
0.0239445 -5.9198e-06 1.67584e-06 4.54729e-23 -1.29746 0.67644
0.0256557 -6.97215e-07 7.15015e-07 -4.4081e-39 -1.30095 0.279788
0.0275527 2.55424e-05 8.07503e-06 2.4349e-21 -1.18363 1.40476
0.0296324 1.89999e-05 6.96841e-06 3.4774e-23 -1.06769 1.22044
0.0319088 1.13899e-05 4.98832e-06 -3.24394e-23 -0.949269 0.950918
0.0343909 3.27611e-06 3.06336e-06 -1.58416e-39 -0.8421 0.551281
0.0370847 -5.57682e-06 9.49576e-07 -2.93874e-39 -0.748757 0.636798
0.0400015 -1.44596e-05 -1.10246e-06 -3.30045e-21 -0.678669 1.03619
0.0431459 -2.17365e-05 -2.71551e-06 0 -0.629058 1.27699
0.0465258 -2.69581e-05 -3.72334e-06 -5.68546e-21 -0.595101 1.42358
0.0501596 -2.75711e-05 -3.59248e-06 -1.55357e-27 -0.571422 1.43685
0.0540751 -2.87966e-05 -3.81867e-06 -9.83078e-21 -0.527623 1.47157
0.0582714 -3.13375e-05 -4.39919e-06 9.01814e-24 -0.512576 1.5393
0.0627244 -3.56043e-05 -5.23056e-06 -8.5271e-24 -0.492013 1.64488
0.0674384 -3.32507e-05 -4.11676e-06 -4.1425e-21 -0.516684 1.58045
0.0724882 -3.0063e-05 -3.48873e-06 -7.54915e-24 -0.457738 1.50491
0.0778656 -3.21978e-05 -3.97465e-06 2.8492e-38 -0.454058 1.56189
0.083483 -3.48664e-05 -4.41108e-06 6.91682e-24 -0.439327 1.62958
3.90869e-05 -5.39309e-06 -4.61725e-05 -5.91728e-22 0.85486 1.90598
0.000117261 -4.52403e-06 -3.85606e-05 3.83223e-23 0.85864 1.73677
0.000195435 -6.08529e-06 -4.4861e-05 -3.70504e-23 0.834137 1.8727
0.000273609 -7.05421e-06 -5.04674e-05 5.30702e-22 0.799898 1.98384
0.000351782 -9.02152e-06 -6.38855e-05 5.33488e-22 0.768735 2.23205
0.000467397 -1.27745e-05 -6.23064e-05 3.31192e-23 0.695682 2.26178
0.000622701 -1.22315e-05 -5.62047e-05 1.05643e-21 0.687048 2.14908
0.000780256 -1.39559e-05 -6.07282e-05 6.59549e-23 0.655965 2.23516
0.00093781 -1.58224e-05 -6.80606e-05 -3.16282e-23 0.613689 2.36553
0.00109536 -1.80389e-05 -7.67056e-05 -1.46937e-39 0.565624 2.51075
0.00125292 -2.13533e-05 -8.74383e-05 8.61817e-22 0.503538 2.68189
0.00141047 -2.7452e-05 -0.000109658 -7.48563e-22 0.424533 3.00833
0.00160421 -3.82615e-05 -0.000123669 7.67368e-22 0.274728 3.28202
0.00188402 -3.74051e-05 -9.19187e-05 4.24305e-27 0.170578 2.90997
0.00221373 -3.05218e-05 -6.59393e-05 -8.96831e-44 0.223848 2.48967
0.00254343 -3.45111e-05 -7.10163e-05 2.64486e-38 0.194542 2.5984
0.00287314 -3.94684e-05 -8.11847e-05 1.68956e-21 0.147978 2.78393
0.00320284 -4.6322e-05 -9.53266e-05 2.48176e-23 0.0957274 3.02469
0.00354595 -5.28851e-05 -0.000105127 3.23261e-38 0.000183089 3.20348
0.00391987 -5.13874e-05 -9.44471e-05 1.56699e-21 -0.0790622 3.07433
0.0043112 -4.9867e-05 -8.69166e-05 5.05954e-23 -0.0874995 2.9756
0.00470252 -5.48365e-05 -9.31941e-05 -4.79041e-23 -0.142123 3.10052
0.00509385 -6.26236e-05 -0.000105183 2.411e-26 -0.216427 3.3101
0.00548517 -7.27201e-05 -0.000119546 -3.99147e-23 -0.314213 3.55072
0.0058765 -9.06146e-05 -0.00014808 -1.07835e-21 -0.447085 3.974
0.00629767 -0.0001117 -0.000169332 1.63382e-26 -0.713955 4.32869
0.0067961 -8.94037e-05 -0.000114085 -1.15689e-21 -0.905662 3.63794
0.00734195 -5.56231e-05 -5.74439e-05 4.91422e-23 -0.717401 2.7166
0.0078878 -5.93163e-05 -5.78991e-05 1.54646e-21 -0.724792 2.77968
0.00843365 -7.17387e-05 -7.15593e-05 7.40116e-27 -0.747092 3.09529
0.0089795 -8.18141e-05 -8.1221e-05 4.09761e-23 -0.794721 3.3248
0.00952535 -0.000110871 -0.000115283 3.64185e-23 -0.84288 3.952
0.0101069 -0.000102926 -9.94196e-05 -3.66806e-23 -1.12541 3.69992
0.010728 -6.71188e-05 -5.49958e-05 -2.96111e-21 -1.0016 2.90104
0.011353 -6.10161e-05 -4.55994e-05 -1.61676e-21 -0.973962 2.73866
0.0119779 -6.91083e-05 -5.14201e-05 -1.54494e-21 -0.988546 2.9393
0.0126029 -8.04875e-05 -6.1098e-05 -4.38106e-23 -0.999859 3.21575
0.0132279 -9.02267e-05 -6.73995e-05 1.23149e-21 -1.05101 3.4278
0.0138528 -0.000121525 -9.50795e-05 -1.0916e-21 -1.0908 4.05875
3.43877e-05 1.00238e-06 -4.71967e-05 -3.37044e-22 0.919273 1.86811
0.000102724 1.04284e-06 -3.20555e-05 4.40773e-23 0.937575 1.64495
0.000170147 1.08756e-06 -2.73668e-05 3.12973e-27 0.9566 1.61803
0.000236615 9.88e-07 -2.19604e-05 -9.1359e-23 0.968998 1.53568
0.00030218 9.48671e-07 -1.84448e-05 4.62015e-23 0.979426 1.48445
0.000368519 9.2947e-07 -1.59579e-05 -7.49991e-22 0.986224 1.44981
0.000463739 1.03345e-06 -1.24286e-05 -8.11074e-22 0.996341 1.29668
0.000586099 6.21517e-07 -7.46849e-06 8.69175e-22 1.0005 1.04856
0.00070737 2.01145e-07 -4.40481e-06 -4.4081e-39 1.00348 0.835448
0.000827497 -2.91726e-07 -1.08386e-06 5.80651e-23 1.00458 0.422439
0.0009465 -6.51397e-07 1.69855e-06 8.55283e-22 1.00427 0.5682
0.00106445 -1.11167e-06 4.41481e-06 -4.05913e-38 1.00286 0.94459
0.00118136 -1.68164e-06 7.36568e-06 7.14728e-22 0.999926 1.26222
0.00129723 -2.43308e-06 1.05908e-05 6.22527e-22 0.995496 1.56235
0.00141208 -3.88022e-06 1.38067e-05 -5.21286e-22 0.988754 1.84125
0.00152693 -4.4673e-06 2.03312e-05 -4.40079e-22 0.980128 2.29119
0.00169757 -6.41015e-06 2.30441e-05 2.35099e-38 0.961061 2.29081
0.00192227 -7.99313e-06 2.18904e-05 4.24263e-22 0.954314 2.31726
0.00214456 -9.22192e-06 2.27312e-05 2.62878e-23 0.945506 2.43099
0.00236445 -1.03241e-05 2.45235e-05 9.73456e-39 0.934795 2.58965
0.00258197 -1.13972e-05 2.65609e-05 4.71186e-27 0.92343 2.75885
0.00279715 -1.24843e-05 2.87601e-05 -3.18766e-22 0.910937 2.93459
0.00301001 -1.37169e-05 3.13138e-05 -5.63506e-27 0.896819 3.12791
0.00322058 -1.53761e-05 3.39185e-05 -7.10714e-27 0.880368 3.32661
0.00342886 -1.6661e-05 3.86562e-05 -1.44364e-23 0.861979 3.60714
0.00365681 -1.82352e-05 4.14552e-05 2.98759e-23 0.832537 3.59752
0.0039069 -1.95545e-05 3.95862e-05 -5.12423e-29 0.822593 3.58585
0.00415709 -2.06025e-05 3.90606e-05 2.15654e-22 0.81066 3.6414
0.00440487 -2.17261e-05 3.98685e-05 -2.03844e-22 0.794896 3.74941
0.00465029 -2.29633e-05 4.12502e-05 -1.27282e-23 0.778148 3.88103
0.00489334 -2.43124e-05 4.30538e-05 1.46937e-39 0.760193 4.02931
0.00513407 -2.58359e-05 4.529e-05 -1.75457e-22 0.74012 4.1957
0.00537249 -2.76008e-05 4.79612e-05 -1.46937e-39 0.717181 4.38076
0.00560862 -2.96568e-05 5.12175e-05 1.46937e-39 0.690436 4.59116
0.00584248 -3.2605e-05 5.48549e-05 -1.41777e-22 0.65756 4.82582
0.0060741 -3.55531e-05 6.15074e-05 1.27532e-22 0.618352 5.15971
0.00632355 -3.99501e-05 7.06106e-05 -1.2737e-22 0.551895 5.15072
0.00661374 -4.2844e-05 7.01272e-05 -1.17549e-38 0.511783 4.65775
0.00692412 -4.08511e-05 5.66807e-05 3.21135e-22 0.530859 4.36048
0.00723129 -3.89401e-05 4.95061e-05 1.13019e-23 0.531102 4.17681
0.00753529 -3.80793e-05 4.64519e-05 4.2725e-27 0.513615 4.11893
0.00783615 -3.8282e-05 4.44427e-05 1.21727e-23 0.500598 4.1136
0.0081339 -3.93649e-05 4.37376e-05 1.78447e-22 0.48898 4.15865
0.00842857 -4.09783e-05 4.43379e-05 -2.93874e-39 0.475513 4.24953
0.00872021 -4.30496e-05 4.58114e-05 -1.61665e-22 0.459852 4.37387
0.00900883 -4.55021e-05 4.80384e-05 -1.71903e-22 0.441459 4.52741
0.00929447 -4.86781e-05 5.04742e-05 -1.50088e-22 0.41863 4.69937
0.00957716 -5.21243e-05 5.5615e-05 8.71388e-24 0.393057 4.94044
0.00986789 -5.53272e-05 6.38102e-05 1.39692e-22 0.352054 4.79689
0.0101766 -5.38777e-05 6.10129e-05 -3.38099e-22 0.329791 4.32597
0.0104923 -4.87588e-05 4.87975e-05 1.94841e-22 0.336504 4.01943
0.010805 -4.49845e-05 4.19811e-05 2.1738e-22 0.329003 3.81686
0.0111145 -4.25427e-05 3.77982e-05 -4.70035e-22 0.319048 3.69692
0.0114211 -4.14212e-05 3.48482e-05 -2.47428e-22 0.311786 3.63162
0.0117246 -4.14439e-05 3.32349e-05 -2.93874e-39 0.30546 3.62047
0.0120252 -4.23522e-05 3.28503e-05 -5.15633e-22 0.299183 3.65822
0.0123229 -4.3866e-05 3.33365e-05 -2.26178e-22 0.292819 3.7301
0.0126176 -4.56942e-05 3.45238e-05 -2.30366e-22 0.285724 3.8243
0.0129095 -4.78005e-05 3.61744e-05 4.36818e-22 0.277274 3.93436
0.0131985 -5.00847e-05 3.82251e-05 -2.0617e-22 0.266872 4.05546
0.0134847 -5.25167e-05 4.06035e-05 -1.21512e-23 0.254203 4.18825
0.0137681 -5.58255e-05 4.24616e-05 2.27181e-23 0.237769 4.32051
0.0140499 -5.88406e-05 5.00527e-05 -1.11294e-23 0.222522 4.49314
0.0143423 -6.09093e-05 5.64028e-05 4.4081e-39 0.18949 3.84095
0.0146441 -5.22645e-05 4.27791e-05 1.07954e-22 0.193715 3.49664
0.0149433 -4.55596e-05 3.44333e-05 1.78775e-23 0.187311 3.22518
0.0152397 -4.02294e-05 2.88222e-05 1.6171e-22 0.179441 3.01786
0.0155335 -3.65635e-05 2.39972e-05 3.371e-22 0.175053 2.85365
0.0158246 -3.45038e-05 2.05714e-05 2.44097e-23 0.173167 2.74554
0.0161131 -3.34208e-05 1.85984e-05 1.93411e-22 0.172139 2.68807
0.0163989 -3.31449e-05 1.75496e-05 2.65921e-23 0.172386 2.67165
0.016682 -3.36464e-05 1.71881e-05 -2.26345e-22 0.173058 2.69096
0.0169625 -3.4534e-05 1.74255e-05 1.29916e-23 0.174029 2.73144
0.0172405 -3.55733e-05 1.81061e-05 -2.26129e-22 0.174969 2.78388
0.017516 -3.6745e-05 1.89997e-05 2.41647e-23 0.175498 2.84403
0.017789 -3.8099e-05 2.01468e-05 -1.15576e-23 0.175454 2.91299
0.0180595 -3.95897e-05 2.15044e-05 -5.87747e-39 0.17445 2.98927
0.0183277 -4.13722e-05 2.29005e-05 1.67811e-22 0.172285 3.07431
0.0185934 -4.38298e-05 2.44986e-05 1.58274e-22 0.168683 3.17441
0.0188567 -4.53123e-05 2.71282e-05 1.51342e-22 0.163735 3.28863
0.0191176 -5.14507e-05 2.12736e-05 -1.43545e-22 0.15268 3.3833
