0.505893
0.517861
1.14389
0.877238
0.976095
0.907735
0.930506
0.892006
0.870376
0.837814
0.825328
0.807368
0.800413
0.787681
0.779486
0.770353
0.760226
0.75327
0.744332
0.737266
0.728388
0.721478
0.713137
0.704378
0.698
0.688741
0.682007
0.675158
0.665866
0.659947
0.6529
0.643898
0.63768
0.630699
0.622102
0.61521
0.608176
0.600445
0.592564
0.586293
0.57879
0.571078
0.564047
0.558146
0.550065
0.543265
0.536413
0.531217
0.522809
0.516369
0.509416
0.504309
0.49638
0.489676
0.482786
0.477168
0.470082
0.462724
0.456124
0.449332
0.443307
0.43499
0.429034
0.42073
0.415652
0.406899
0.400527
0.392472
0.384346
0.37943
0.369413
0.363734
0.352986
0.345354
0.338775
0.329555
0.321887
0.309081
0.300793
0.292181
0.282351
0.272055
0.25568
0.244255
0.233647
0.21998
0.207558
0.183818
0.162544
0.154813
0.129719
0.125866
0.120881
0.155043
0.158275
0.183677
0.193345
0.220446
0.258412
0.272084
0.279218
0.296245
0.298764
0.329077
0.35948
0.35801
0.369154
0.377521
0.385912
0.410232
0.429085
0.430426
0.4391
0.445487
0.454386
0.477418
0.492958
0.494185
0.501234
0.506959
0.513602
0.538312
0.556785
0.555334
0.560718
0.566798
0.566682
0.59227
0.619658
0.614158
0.618386
0.622463
0.622682
0.63835
0.665351
0.669996
0.669821
0.672623
0.67539
0.676784
0.699876
0.721735
0.716402
0.71857
0.720807
0.721326
0.729859
0.752122
0.762024
0.759516
0.761111
0.763147
0.762834
0.773554
0.793304
0.797387
0.796625
0.798148
0.800099
0.799883
0.809923
0.827559
0.830697
0.830282
0.831866
0.833835
0.833251
0.843764
0.86704
0.874421
0.871656
0.872385
0.873911
0.873258
0.878123
0.909151
0.93133
0.92298
0.922222
0.92279
0.923205
0.916647
0.944566
0.983921
0.976464
0.973606
0.972487
0.972746
0.971437
0.975407
0.997556
1.01223
1.0065
1.00624
1.00645
1.00724
1.00733
1.01187
1.02032
1.02275
1.02259
1.0234
1.02483
1.02557
1.02246
1.03899
1.06468
1.06287
1.05887
1.05649
1.05598
1.05214
1.03513
1.10155
1.1927
1.17639
1.16026
1.14885
1.1428
1.13512
1.10243
1.18544
1.34093
1.3466
1.30359
1.28263
1.26624
1.25265
1.22303
1.24793
1.42363
1.51067
1.43285
1.41021
1.38674
1.37366
1.35438
1.29923
1.4428
1.59521
1.51209
1.48589
1.45767
1.4384
1.42099
1.38425
1.40072
1.60769
1.704
1.60111
1.57331
1.54097
1.52012
1.49981
1.45678
1.52152
1.69166
1.71009
1.63693
1.60842
1.58058
1.56086
1.54279
1.51042
1.55466
1.67995
1.69092
1.62897
1.60428
1.57856
1.55911
1.54362
1.51798
1.52234
1.68373
1.75016
1.65629
1.6342
1.60364
1.58313
1.56686
1.55006
1.51631
1.62302
1.73426
1.683
1.64307
1.6158
1.59391
1.57531
1.56332
1.54703
1.51985
1.64394
1.71838
1.63248
1.61659
1.58948
1.57224
1.55592
1.54719
1.53233
1.51027
1.6528
1.73538
1.64603
1.62873
1.60083
1.58408
1.56811
1.55739
1.54656
1.53594
1.58976
1.65639
1.63606
1.60142
1.5843
1.56767
1.55465
1.544
1.53707
1.52801
1.52375
1.6009
1.6418
1.59135
1.57835
1.55965
1.54759
1.53618
1.52849
1.52449
1.51828
1.52165
1.62594
1.68069
1.62079
1.60591
1.5849
1.57208
1.56015
1.55124
1.54473
1.53925
1.53557
1.55964
1.60056
1.59561
1.56895
1.55968
1.54786
1.53966
1.53234
1.52728
1.52439
1.52174
1.52446
1.56383
1.60692
1.59376
1.56891
1.55817
1.54601
1.53724
1.52953
1.52382
1.52048
1.51882
1.51817
1.53568
1.59449
1.60653
1.56472
1.5585
1.54217
1.53292
1.52335
1.51599
1.50996
1.50611
1.504
1.50316
1.5135
1.55334
1.56463
1.53731
1.53688
1.53032
1.53164
1.53554
1.54477
1.56101
1.58535
1.61953
1.69455
1.85886
2.01066
2.14502
1.57176
1.49007
1.51692
1.52674
1.48398
1.4309
1.43964
1.40576
1.36926
1.35227
1.33011
1.32641
1.32156
1.31282
1.30805
1.30221
1.29926
1.29893
1.30152
1.30019
1.30445
1.29877
1.29999
1.29131
1.28748
1.27995
1.27504
1.2684
1.26431
1.25806
1.25473
1.24962
1.24649
1.24343
1.24092
1.23861
1.23576
1.23324
1.22707
1.22534
1.21579
1.21485
1.20655
1.20565
1.19996
1.20052
1.19414
1.19717
1.18942
1.18652
1.18222
1.17244
1.17075
1.16134
1.16001
1.15394
1.15198
1.14675
1.14442
1.13644
1.13265
1.12204
1.11521
1.10276
1.09126
1.07595
1.05966
1.04063
1.02007
1.00499
0.989166
0.973365
0.968264
0.94912
0.955449
0.937705
0.9433
0.956877
0.941615
0.975205
0.957459
0.982839
1.01061
1.00202
1.03662
1.06136
1.06259
1.09139
1.12165
1.14106
1.16746
1.20584
1.24352
1.31074
1.32289
1.4276
1.47754
2.11712
1.77677
3.81395
3.1291
2.92008
2.9998
3.25729
3.36025
4.44141
3.23745
1.96313
1.11376
0.67644
0.279788
1.40476
1.22044
0.950918
0.551281
0.636798
1.03619
1.27699
1.42358
1.43685
1.47157
1.5393
1.64488
1.58045
1.50491
1.56189
1.62958
1.90598
1.73677
1.8727
1.98384
2.23205
2.26178
2.14908
2.23516
2.36553
2.51075
2.68189
3.00833
3.28202
2.90997
2.48967
2.5984
2.78393
3.02469
3.20348
3.07433
2.9756
3.10052
3.3101
3.55072
3.974
4.32869
3.63794
2.7166
2.77968
3.09529
3.3248
3.952
3.69992
2.90104
2.73866
2.9393
3.21575
3.4278
4.05875
1.86811
1.64495
1.61803
1.53568
1.48445
1.44981
1.29668
1.04856
0.835448
0.422439
0.5682
0.94459
1.26222
1.56235
1.84125
2.29119
2.29081
2.31726
2.43099
2.58965
2.75885
2.93459
3.12791
3.32661
3.60714
3.59752
3.58585
3.6414
3.74941
3.88103
4.02931
4.1957
4.38076
4.59116
4.82582
5.15971
5.15072
4.65775
4.36048
4.17681
4.11893
4.1136
4.15865
4.24953
4.37387
4.52741
4.69937
4.94044
4.79689
4.32597
4.01943
3.81686
3.69692
3.63162
3.62047
3.65822
3.7301
3.8243
3.93436
4.05546
4.18825
4.32051
4.49314
3.84095
3.49664
3.22518
3.01786
2.85365
2.74554
2.68807
2.67165
2.69096
2.73144
2.78388
2.84403
2.91299
2.98927
3.07431
3.17441
3.28863
3.3833
