# ccx tau_xx tau_yy tau_zz cp yplus
0.0242382 -4.83427e-05 -1.37164e-05 -3.01857e-21 0.112257 0.410851
0.0225796 -2.68037e-05 -7.68813e-06 -3.18554e-21 0.0600785 0.306174
0.0210071 -2.3124e-05 -7.16532e-06 -6.70706e-21 0.0464233 0.285624
0.0195407 -9.20284e-05 -3.52801e-05 -4.33206e-25 -0.193587 0.568762
0.0182294 -0.000101469 -6.16785e-05 3.70018e-21 0.193694 0.591107
0.0170364 -6.38929e-05 -3.92143e-05 1.46937e-39 0.206507 0.470761
0.0158978 -5.20768e-05 -3.25418e-05 1.47671e-37 0.32768 0.427373
0.0148095 -6.32313e-05 -3.95364e-05 -1.03813e-24 0.233163 0.472369
0.0138032 -7.13642e-05 -5.39382e-05 1.0858e-24 0.400462 0.497329
0.0128799 -5.20583e-05 -4.07562e-05 6.60068e-41 0.44157 0.426712
0.0120005 -5.10527e-05 -3.98047e-05 -1.18683e-24 0.484613 0.424143
0.0111578 -3.656e-05 -2.92794e-05 5.07146e-21 0.546595 0.362498
0.010349 -5.25064e-05 -4.1733e-05 -5.27208e-21 0.469139 0.435958
0.00961366 -5.86181e-05 -5.8278e-05 2.74952e-21 0.603832 0.455279
0.00895501 -4.38469e-05 -4.55781e-05 5.71349e-21 0.636708 0.396262
0.00832779 -3.81656e-05 -3.99806e-05 -2.96944e-21 0.69328 0.373221
0.00772376 -3.78431e-05 -3.93395e-05 -3.08584e-21 0.695905 0.373752
0.00714122 -2.36129e-05 -2.5739e-05 3.19596e-21 0.77214 0.301389
0.0065801 -4.39694e-05 -4.69908e-05 1.61344e-24 0.659704 0.411654
0.00611303 -4.0421e-05 -6.70548e-05 -8.03561e-41 0.834433 0.388155
0.00573449 -2.41411e-05 -4.12234e-05 -2.86986e-42 0.836404 0.307318
0.00536667 -2.32325e-05 -3.94759e-05 -3.53216e-24 0.888696 0.305283
0.0050089 -1.81674e-05 -3.12507e-05 -1.85558e-21 0.898494 0.275193
0.00466058 -1.70291e-05 -2.92136e-05 -3.72847e-24 0.92484 0.270141
0.00432111 -1.47081e-05 -2.53325e-05 7.6483e-24 0.934795 0.255233
0.00398998 -1.29722e-05 -2.24607e-05 4.0089e-21 0.953073 0.243846
0.00367038 -1.29538e-05 -2.30036e-05 -5.87747e-39 0.955708 0.247664
0.00338308 -1.02908e-05 -2.1494e-05 4.11478e-24 0.979379 0.226706
0.00312386 -7.39593e-06 -1.56609e-05 -2.16537e-21 0.983447 0.196762
0.00287099 -6.40926e-06 -1.35162e-05 8.96314e-38 0.994265 0.186201
0.00262405 -4.79551e-06 -1.01477e-05 -1.46937e-39 0.997356 0.16421
0.00238261 -3.65364e-06 -7.6811e-06 2.31687e-21 1.00354 0.145501
0.00214631 -2.34173e-06 -4.8873e-06 2.36605e-21 1.00446 0.118172
0.00191478 -8.24365e-07 -1.59209e-06 -1.20689e-21 1.00784 0.069106
0.00168909 7.51634e-07 1.72135e-06 1.23036e-21 1.00543 0.072006
0.00152512 1.36972e-06 6.60803e-06 2.20405e-39 1.00507 0.120522
0.00142004 2.07726e-06 9.75377e-06 4.94531e-24 0.998233 0.150227
0.00131634 2.52261e-06 1.20474e-05 -1.00156e-23 0.995684 0.171032
0.00121394 3.18416e-06 1.5047e-05 6.53746e-22 0.987996 0.195722
0.00111277 3.61812e-06 1.72794e-05 6.5602e-22 0.982418 0.214434
0.00101274 4.24734e-06 2.02476e-05 -5.8878e-38 0.974016 0.237089
0.000913782 4.74108e-06 2.27492e-05 6.69649e-22 0.965473 0.256304
0.000815831 5.42123e-06 2.60637e-05 -6.7063e-22 0.955771 0.279417
0.000718819 5.98157e-06 2.89407e-05 -5.32645e-24 0.943779 0.299392
0.000622679 6.91098e-06 3.35637e-05 6.87207e-22 0.932273 0.327325
0.00052735 7.56218e-06 3.71757e-05 6.92083e-22 0.914231 0.349082
0.000435199 9.2902e-06 4.76062e-05 1.38872e-21 0.900318 0.398544
0.000367352 5.1343e-06 4.68388e-05 5.49198e-24 0.862294 0.388122
0.000321232 4.21823e-06 4.22731e-05 -3.54705e-22 0.863883 0.372943
0.000275506 4.86112e-06 4.80914e-05 -3.60027e-22 0.841475 0.401912
0.000230116 5.04433e-06 5.08864e-05 -3.56541e-22 0.825227 0.416761
0.000185005 5.47755e-06 5.60871e-05 -3.59565e-22 0.803614 0.440069
0.000140115 6.03674e-06 6.21429e-05 -3.6212e-22 0.779277 0.464848
9.53939e-05 6.51228e-06 7.00807e-05 -1.41698e-24 0.749752 0.494129
5.07863e-05 7.65352e-06 8.57511e-05 3.62788e-22 0.712978 0.546144
2.26775e-05 2.50461e-06 0.000103888 -1.82128e-22 0.650453 0.600777
4.02726e-05 -7.06481e-06 7.75323e-05 -7.25287e-22 0.58269 0.519417
8.71581e-05 -6.03071e-06 5.75526e-05 3.6318e-22 0.622462 0.447979
0.000134159 -7.1038e-06 6.70923e-05 -3.67342e-40 0.590389 0.483197
0.000181337 -7.28696e-06 6.82617e-05 -3.60234e-22 0.578072 0.485803
0.000228756 -7.85031e-06 7.22806e-05 0 0.551563 0.497128
0.000276481 -8.91478e-06 8.02278e-05 0 0.52995 0.519688
0.000324578 -9.44115e-06 8.37045e-05 -3.49143e-22 0.486576 0.52555
0.000374146 -1.31102e-05 0.000106633 3.45489e-22 0.465798 0.587325
0.000447187 -1.90102e-05 9.32853e-05 -6.89773e-22 0.356818 0.559581
0.000542805 -1.41314e-05 6.98552e-05 6.92031e-22 0.401066 0.478384
0.000639196 -1.69955e-05 8.0272e-05 -5.32238e-24 0.364199 0.506464
0.000736424 -1.71878e-05 8.14263e-05 -5.2749e-24 0.34393 0.502399
0.000834555 -1.84242e-05 8.62453e-05 7.29693e-28 0.314461 0.50858
0.000933654 -1.97521e-05 9.17101e-05 5.17262e-24 0.281325 0.51501
0.00103379 -2.12989e-05 9.80433e-05 -6.54906e-22 0.241836 0.522169
0.00113504 -2.34146e-05 0.000106537 -1.10203e-39 0.197262 0.533089
0.00123747 -2.59125e-05 0.000116596 -1.27385e-21 0.140412 0.545509
0.00134117 -3.00657e-05 0.000132467 6.25964e-22 0.0760757 0.568265
0.00144622 -3.65088e-05 0.000156416 5.51013e-40 -0.020061 0.603157
0.00156574 -5.69812e-05 0.000196896 1.22919e-21 -0.150533 0.689785
0.00174221 -5.33612e-05 0.000124602 -4.69607e-24 -0.391687 0.606546
0.00196387 -2.50415e-05 6.26625e-05 -1.18313e-21 -0.180452 0.420515
0.0021898 -3.93202e-05 8.74064e-05 4.55161e-24 -0.235845 0.492519
0.0024203 -3.92119e-05 8.79698e-05 2.27913e-21 -0.240787 0.484956
0.0026557 -4.24625e-05 9.42018e-05 2.2389e-21 -0.274773 0.493244
0.00289636 -4.88426e-05 0.0001069 -4.26607e-24 -0.306983 0.516412
0.00314265 -5.20081e-05 0.000113685 -1.63337e-27 -0.386412 0.522746
0.00339497 -7.11642e-05 0.00015085 1.48406e-37 -0.424296 0.592773
0.00368114 -7.27776e-05 0.00012876 -2.02492e-21 -0.670879 0.588235
0.00400568 -4.7858e-05 8.57937e-05 3.95912e-21 -0.56329 0.476356
0.00434204 -5.72265e-05 9.75248e-05 -3.86366e-21 -0.604293 0.503491
0.00468701 -6.25842e-05 0.00010609 7.34684e-39 -0.645441 0.517762
0.00504113 -6.88103e-05 0.000115913 2.44895e-27 -0.715571 0.53376
0.00540503 -8.30752e-05 0.000137927 2.2688e-37 -0.791151 0.574989
0.00577934 -9.43727e-05 0.000155622 0 -0.963157 0.602679
0.00617393 -0.000153403 0.000231468 -1.63663e-24 -1.0937 0.752509
0.0066576 -0.00011474 0.000123326 3.15592e-24 -1.78114 0.666779
0.00722529 -1.28691e-05 2.10227e-05 -3.14804e-21 -1.10983 0.252041
0.00781333 -6.86122e-05 7.10207e-05 -3.60134e-28 -1.24567 0.502611
0.0084233 -6.79787e-05 7.16603e-05 -1.42661e-24 -1.21719 0.498863
0.00905692 -8.92236e-05 9.19429e-05 -2.99609e-28 -1.26575 0.564032
0.00973126 -0.000122101 0.000114555 -1.63509e-26 -1.39147 0.657965
0.0104856 -7.5905e-05 6.07792e-05 -5.17269e-21 -1.61847 0.5264
0.0113082 -2.99964e-05 2.56033e-05 4.98875e-21 -1.2814 0.333705
0.0121659 -6.0856e-05 4.67779e-05 -1.16666e-24 -1.33844 0.463512
0.0130615 -7.13351e-05 5.48005e-05 -4.56858e-21 -1.32068 0.499692
0.0140132 -9.71431e-05 6.77185e-05 -1.27468e-37 -1.39354 0.582637
0.0150563 -5.12994e-05 3.10617e-05 -4.17299e-21 -1.53108 0.428048
0.0161802 -1.52542e-05 1.01257e-05 4.00218e-21 -1.22139 0.235873
0.0173577 -3.41638e-05 2.00309e-05 7.62835e-21 -1.26182 0.346106
0.0185933 -4.70234e-05 2.72581e-05 -8.86827e-25 -1.14415 0.404604
0.0199071 -4.30276e-05 2.27848e-05 4.22558e-25 -1.24544 0.387889
0.0213018 -2.68779e-05 1.45542e-05 -6.61442e-21 -1.07256 0.306874
0.022765 -3.86204e-05 2.01965e-05 3.86946e-25 -1.08142 0.365753
0.0243021 -4.45468e-05 2.32266e-05 -1.41059e-37 -1.01974 0.392047
0.982587 -1.65564e-05 -1.40942e-06 -1.95922e-20 0.121907 0.228646
0.948891 -1.98085e-05 -3.10085e-06 -4.16294e-20 0.26519 0.247184
0.917145 -1.53598e-05 -1.89983e-06 2.2022e-20 0.281154 0.219594
0.886801 -1.42158e-05 -1.21865e-06 -2.19743e-26 0.307479 0.21316
0.857561 -1.2493e-05 -6.21237e-07 2.27643e-26 0.31008 0.20134
0.829308 -1.16844e-05 -1.73448e-07 1.43493e-41 0.300681 0.195957
0.802059 -1.11183e-05 1.51085e-07 3.21129e-21 0.285532 0.192012
0.775774 -1.12764e-05 4.13461e-07 -6.62989e-21 0.254455 0.193969
0.750274 -1.20249e-05 5.7565e-07 2.59774e-26 0.226449 0.20053
0.725449 -1.31921e-05 6.90649e-07 -1.14794e-41 0.190717 0.210064
0.701392 -1.46462e-05 7.19984e-07 7.2551e-21 0.165119 0.221147
0.678087 -1.58361e-05 6.79824e-07 4.59177e-41 0.143083 0.229674
0.655328 -1.67847e-05 6.09165e-07 2.90261e-26 0.129227 0.236161
0.633182 -1.73675e-05 5.42813e-07 -3.00245e-26 0.118363 0.239993
0.6117 -1.77808e-05 4.89648e-07 -3.08458e-26 0.109595 0.242648
0.590708 -1.81421e-05 4.44554e-07 -8.24338e-21 0.100715 0.244945
0.570278 -1.85782e-05 3.91976e-07 -3.25734e-26 0.0922036 0.247707
0.550444 -1.90382e-05 3.23854e-07 2.18654e-21 0.0855776 0.250574
0.531024 -1.93979e-05 2.51619e-07 2.22679e-21 0.0812371 0.252759
0.512152 -1.96291e-05 1.90968e-07 -1.1581e-21 0.0778563 0.254124
0.493828 -1.98314e-05 1.40371e-07 1.18061e-21 0.07422 0.25532
0.475873 -2.00512e-05 8.70331e-08 8.60958e-42 0.070644 0.256625
0.458438 -2.04239e-05 2.30494e-08 -1.86092e-42 0.0660186 0.258881
0.441482 -2.07868e-05 -6.48143e-08 3.18745e-22 0.0652641 0.261027
0.424897 -2.09471e-05 -1.33801e-07 6.54482e-22 0.0651918 0.26193
0.408797 -2.1078e-05 -1.87457e-07 -2.70666e-21 0.0649811 0.26268
0.393117 -2.11718e-05 -2.3512e-07 1.37948e-21 0.0650708 0.263212
0.377809 -2.13429e-05 -2.82214e-07 2.86986e-42 0.0635099 0.26423
0.36296 -2.16226e-05 -3.47286e-07 -4.47341e-26 0.0629993 0.265896
0.348496 -2.1845e-05 -4.17761e-07 4.56666e-26 0.0635623 0.2672
0.334389 -2.19606e-05 -4.79168e-07 -4.7028e-26 0.0647474 0.267868
0.320715 -2.2244e-05 -5.44305e-07 -3.18531e-21 0.063845 0.26956
0.307417 -2.25993e-05 -6.41609e-07 6.51511e-21 0.0666435 0.271645
0.29444 -2.26781e-05 -7.11987e-07 -5.10292e-26 0.0709389 0.272097
0.281873 -2.27526e-05 -7.56476e-07 1.46937e-38 0.0739313 0.272563
0.269696 -2.2761e-05 -7.9522e-07 -3.56016e-21 0.078832 0.272643
0.257819 -2.26578e-05 -8.00511e-07 2.7869e-26 0.0818763 0.272094
0.246293 -2.25656e-05 -7.98192e-07 0 0.0844066 0.271618
0.235149 -2.26015e-05 -7.96699e-07 3.9081e-21 0.0841779 0.271915
0.224342 -2.26967e-05 -8.15794e-07 -4.0181e-21 0.0848868 0.272551
0.213836 -2.28389e-05 -8.35661e-07 4.13626e-21 0.0833079 0.27347
0.203649 -2.31228e-05 -8.81891e-07 4.27256e-21 0.0824184 0.275216
0.193818 -2.309e-05 -9.13725e-07 -2.22094e-21 0.0829668 0.275082
0.184328 -2.3352e-05 -9.44654e-07 -2.29169e-21 0.0772685 0.27671
0.175136 -2.36161e-05 -1.03458e-06 -1.12005e-37 0.0770573 0.27831
0.166245 -2.42479e-05 -1.14075e-06 2.58376e-38 0.0686391 0.282058
0.157656 -2.53397e-05 -1.37991e-06 9.18355e-41 0.0689461 0.28834
0.149371 -2.5279e-05 -1.53078e-06 -5.25773e-21 0.0739287 0.288041
0.141387 -2.62932e-05 -1.70839e-06 0 0.0659255 0.293844
0.13371 -2.59127e-05 -1.90386e-06 -5.41988e-27 0.0840806 0.291771
0.126334 -2.74055e-05 -2.06593e-06 5.45601e-27 0.0621337 0.300201
0.119242 -2.83316e-05 -2.56965e-06 -6.14078e-21 0.0937399 0.305259
0.112431 -2.73981e-05 -2.51185e-06 6.39518e-21 0.0886277 0.300393
0.105896 -2.74886e-05 -2.67919e-06 -6.66414e-21 0.105228 0.301069
0.0996302 -2.74521e-05 -2.71723e-06 -1.29488e-37 0.101028 0.301092
0.0936397 -2.71331e-05 -2.8432e-06 -2.2694e-42 0.115325 0.299552
0.0879203 -2.95625e-05 -3.23566e-06 -2.9072e-26 0.0961601 0.312902
0.0824636 -3.06688e-05 -3.86357e-06 -3.99228e-21 0.132163 0.318908
0.0772605 -2.8684e-05 -3.61341e-06 0 0.134557 0.308726
0.0722977 -2.69311e-05 -3.39458e-06 7.28295e-42 0.151914 0.299467
0.0675726 -2.99817e-05 -3.79077e-06 0 0.123841 0.31628
0.0631012 -3.1925e-05 -4.70399e-06 -4.88801e-21 0.163178 0.326714
0.0588725 -2.8937e-05 -4.26773e-06 0 0.167061 0.311413
0.0548596 -2.80857e-05 -4.12919e-06 -3.58732e-42 0.177946 0.307169
0.0510732 -2.71972e-05 -4.00023e-06 -1.76359e-25 0.176734 0.302631
0.0475028 -2.84127e-05 -4.32799e-06 3.72281e-25 0.174966 0.309718
0.0441471 -2.76347e-05 -4.44066e-06 -1.99307e-25 0.186435 0.305881
0.0410015 -2.44239e-05 -3.92579e-06 -6.93057e-21 0.187869 0.28793
0.0380488 -2.2043e-05 -3.50722e-06 -2.26302e-25 0.180926 0.273869
0.0352932 -1.93011e-05 -3.06595e-06 2.42969e-25 0.171949 0.25659
0.0327232 -1.83751e-05 -2.96439e-06 2.60029e-25 0.148014 0.250712
0.0303331 -2.32702e-05 -4.07487e-06 3.10667e-30 0.122169 0.282676
0.0281209 -6.34531e-06 -1.1582e-06 2.4797e-21 0.151049 0.147917
0.0260738 -3.50996e-05 -6.35066e-06 -2.67562e-21 -0.03454 0.348291
0.246307 -3.71346e-05 -2.09308e-06 2.91677e-29 -1.17013 0.345751
0.250415 -3.56803e-05 -2.01674e-06 3.04199e-28 -1.12967 0.339011
0.254643 -3.65278e-05 -2.06081e-06 -2.47977e-21 -1.11666 0.343092
0.258994 -3.663e-05 -2.06522e-06 -4.59671e-27 -1.09388 0.34366
0.263471 -3.66267e-05 -2.12117e-06 -2.34202e-21 -1.08251 0.343714
0.268077 -3.64378e-05 -2.11592e-06 -8.68844e-27 -1.06171 0.342916
0.272813 -3.69027e-05 -2.14173e-06 -2.21475e-21 -1.05055 0.345181
0.277684 -3.74532e-05 -2.21054e-06 6.62168e-31 -1.03747 0.347831
0.282692 -3.67261e-05 -2.3332e-06 -4.18996e-21 -1.03287 0.344501
0.287838 -3.59549e-05 -2.28781e-06 1.12958e-30 -1.01043 0.340964
0.293128 -3.75225e-05 -2.3839e-06 -1.5134e-26 -1.00077 0.348414
0.298563 -3.66642e-05 -2.57295e-06 -3.86089e-21 -1.00287 0.344475
0.304144 -3.50617e-05 -2.54682e-06 2.46615e-30 -0.977758 0.336968
0.309877 -3.5945e-05 -2.60948e-06 -2.79252e-26 -0.964865 0.341294
0.315764 -3.58138e-05 -2.75528e-06 -2.72923e-29 -0.960629 0.340768
0.321806 -3.4403e-05 -2.78169e-06 -2.64944e-26 -0.94508 0.334097
0.328015 -3.4544e-05 -2.79338e-06 2.57463e-26 -0.924929 0.334903
0.334399 -3.47246e-05 -2.9131e-06 -3.28437e-21 -0.92054 0.33589
0.340954 -3.3701e-05 -2.92014e-06 -6.40087e-21 -0.905333 0.331025
0.34768 -3.39707e-05 -2.94321e-06 2.37964e-26 -0.888396 0.332476
0.35458 -3.39668e-05 -3.04418e-06 2.54609e-29 -0.884549 0.33258
0.361658 -3.32674e-05 -3.02303e-06 -5.92831e-21 -0.868958 0.329271
0.368916 -3.40401e-05 -3.10083e-06 -1.15609e-20 -0.85695 0.333207
0.376358 -3.34269e-05 -3.20129e-06 -4.30144e-26 -0.85865 0.330325
0.383993 -3.31011e-05 -3.17136e-06 -5.49056e-21 -0.835319 0.328858
0.391837 -3.36126e-05 -3.32813e-06 -5.33918e-21 -0.837131 0.331529
0.399889 -3.2635e-05 -3.32327e-06 4.27305e-37 -0.825528 0.326822
0.408141 -3.33029e-05 -3.42552e-06 -5.08191e-21 -0.810994 0.330305
0.416596 -3.24581e-05 -3.5243e-06 -3.77909e-26 -0.817714 0.326242
0.425256 -3.2513e-05 -3.53054e-06 -9.68034e-21 -0.787565 0.326688
0.434127 -3.22439e-05 -3.70852e-06 -3.60445e-26 -0.802609 0.325491
0.443223 -3.16926e-05 -3.67177e-06 9.19975e-21 -0.76968 0.322879
0.452564 -3.1706e-05 -3.84564e-06 -8.95538e-21 -0.780152 0.323114
0.462141 -3.1063e-05 -3.83107e-06 -8.74359e-21 -0.753081 0.32001
0.471947 -3.09316e-05 -3.95499e-06 -1.43742e-30 -0.755877 0.319509
0.481986 -3.05222e-05 -3.9694e-06 8.33578e-21 -0.73325 0.317581
0.492263 -3.02541e-05 -4.05963e-06 -8.13967e-21 -0.733354 0.316367
0.502792 -3.01354e-05 -4.09404e-06 -3.03214e-26 -0.711392 0.315946
0.5136 -2.97722e-05 -4.19371e-06 1.54351e-20 -0.714776 0.314227
0.524688 -2.96857e-05 -4.22038e-06 1.50726e-20 -0.689511 0.313979
0.536037 -2.93716e-05 -4.37879e-06 -2.94333e-20 -0.697267 0.312511
0.547653 -2.86138e-05 -4.34319e-06 -2.73497e-26 -0.669608 0.308672
0.559542 -2.86227e-05 -4.49634e-06 1.40318e-20 -0.668701 0.308926
0.571711 -2.76573e-05 -4.47502e-06 1.83671e-40 -0.650466 0.30389
0.584203 -2.75476e-05 -4.53093e-06 1.76691e-37 -0.634969 0.303507
0.597028 -2.71863e-05 -4.59164e-06 -1.29842e-20 -0.625925 0.301728
0.610161 -2.67462e-05 -4.59869e-06 1.26725e-20 -0.608744 0.299502
0.623612 -2.67277e-05 -4.67554e-06 -1.11963e-30 -0.597724 0.299624
0.637391 -2.64335e-05 -4.75914e-06 2.30056e-26 -0.587736 0.298195
0.651504 -2.57413e-05 -4.79516e-06 2.35266e-20 -0.574981 0.29449
0.665965 -2.51552e-05 -4.80975e-06 2.29374e-20 -0.556835 0.291349
0.68081 -2.47082e-05 -4.84432e-06 -2.22892e-20 -0.541985 0.28898
0.696059 -2.42228e-05 -4.85835e-06 -1.56435e-30 -0.52447 0.286362
0.711704 -2.38279e-05 -4.8905e-06 -1.47362e-30 -0.508466 0.284252
0.727757 -2.33408e-05 -4.91807e-06 -2.05788e-20 -0.492032 0.281562
0.744233 -2.27221e-05 -4.93049e-06 -4.00445e-20 -0.474388 0.278032
0.761151 -2.19698e-05 -4.9153e-06 -3.71328e-26 -0.454309 0.273613
0.778535 -2.11713e-05 -4.86224e-06 1.80387e-26 -0.431618 0.268822
0.796416 -2.05888e-05 -4.82636e-06 3.67289e-20 -0.407126 0.265333
0.814824 -1.99917e-05 -4.78402e-06 4.59177e-41 -0.385928 0.26169
0.83379 -1.94593e-05 -4.76977e-06 3.45228e-20 -0.360601 0.258405
0.853346 -1.84805e-05 -4.6609e-06 -3.34187e-20 -0.340363 0.252027
0.87356 -1.78008e-05 -4.62963e-06 3.22087e-20 -0.304397 0.247546
0.894523 -1.62282e-05 -4.31185e-06 -6.19685e-20 -0.286576 0.236571
0.916268 -1.66865e-05 -4.56542e-06 1.42282e-26 -0.225876 0.24007
0.938949 -1.2086e-05 -3.41845e-06 5.67449e-20 -0.262477 0.204471
0.962784 -1.73154e-05 -5.0683e-06 1.07586e-19 -0.0824281 0.244858
0.987503 -1.48919e-06 -9.6705e-07 -1.46937e-39 -0.384611 0.0737657
0.025665 -4.63221e-05 2.34204e-05 4.13088e-21 -1.04464 0.399463
0.0268277 -4.307e-05 2.18444e-05 -9.87069e-25 -1.00052 0.38452
0.0280175 -4.80336e-05 2.41674e-05 -1.07839e-29 -0.998162 0.40493
0.0292357 -4.94817e-05 2.49023e-05 4.7073e-25 -0.990566 0.410216
0.0304822 -5.45675e-05 2.73463e-05 -3.76816e-21 -0.985723 0.429825
0.0317617 -5.61366e-05 2.7453e-05 -3.67978e-21 -1.0053 0.435711
0.0330762 -5.15888e-05 2.4819e-05 2.20405e-39 -0.998144 0.417515
0.0344213 -5.13882e-05 2.46531e-05 3.093e-28 -0.982801 0.415952
0.0357957 -5.41995e-05 2.59185e-05 6.90549e-21 -0.984488 0.426409
0.0371989 -5.61661e-05 2.68347e-05 -6.77112e-21 -0.989062 0.433413
0.0386341 -6.04734e-05 2.85173e-05 -6.61457e-21 -0.996238 0.44922
0.0401062 -5.6689e-05 2.59175e-05 -6.49257e-21 -1.02537 0.435149
0.0416108 -5.28787e-05 2.41985e-05 -6.37361e-21 -0.99386 0.419794
0.0431461 -5.69448e-05 2.5915e-05 -3.80754e-25 -1.00423 0.434889
0.0447122 -5.73035e-05 2.60993e-05 -6.12363e-21 -1.01293 0.435763
0.0463075 -6.28364e-05 2.84891e-05 -3.66346e-25 -1.01486 0.455675
0.0479395 -6.05166e-05 2.65175e-05 -5.89074e-21 -1.06312 0.447511
0.0496084 -5.59409e-05 2.45566e-05 4.59177e-41 -1.03125 0.429887
0.0513073 -6.10475e-05 2.66362e-05 -5.68653e-21 -1.04855 0.448386
0.0530361 -6.10678e-05 2.66784e-05 5.58693e-21 -1.06936 0.448036
0.0547953 -6.96683e-05 3.02777e-05 3.36101e-25 -1.07086 0.477907
0.0565969 -6.4795e-05 2.64378e-05 5.38457e-21 -1.15944 0.461887
0.0584421 -5.46449e-05 2.22336e-05 -3.23287e-25 -1.09371 0.424098
0.0603194 -6.01536e-05 2.42522e-05 -1.91922e-41 -1.11171 0.444275
0.0622283 -6.01857e-05 2.42946e-05 -4.12867e-37 -1.12249 0.444043
0.0641691 -6.70143e-05 2.69353e-05 3.07491e-25 -1.12578 0.468045
0.0661496 -6.39389e-05 2.44758e-05 -1.55574e-29 -1.19296 0.457764
0.0681704 -5.7177e-05 2.18228e-05 -2.97789e-25 -1.14827 0.432738
0.0702242 -6.22738e-05 2.36094e-05 4.80259e-21 -1.16478 0.451068
0.0723106 -6.26005e-05 2.37534e-05 1.44345e-25 -1.18559 0.451916
0.0744302 -7.08092e-05 2.67486e-05 -1.41982e-25 -1.18854 0.48017
0.0765929 -6.59735e-05 2.33757e-05 -7.68913e-28 -1.27979 0.464273
0.0787983 -5.83144e-05 2.07077e-05 -1.46937e-39 -1.21054 0.43631
0.0810372 -6.5268e-05 2.2994e-05 -4.44396e-21 -1.24513 0.461049
0.08331 -6.67136e-05 2.3521e-05 2.67132e-25 -1.26426 0.465823
0.0856194 -7.4569e-05 2.57041e-05 -1.31602e-25 -1.28846 0.492372
0.0879766 -6.56922e-05 2.08773e-05 -4.24702e-21 -1.37405 0.463007
0.0903791 -5.79717e-05 1.84494e-05 4.18899e-21 -1.28518 0.43478
0.0928163 -6.4717e-05 2.04328e-05 -8.25685e-21 -1.32592 0.458903
0.0952885 -6.84618e-05 2.16071e-05 4.4081e-39 -1.32826 0.47172
0.0978015 -7.09773e-05 2.13786e-05 8.02307e-21 -1.38295 0.480525
0.100361 -6.26048e-05 1.79813e-05 -7.91239e-21 -1.39497 0.451598
0.102961 -6.26434e-05 1.79251e-05 -7.80775e-21 -1.35692 0.451463
0.105597 -6.58566e-05 1.87907e-05 -7.70075e-21 -1.39782 0.46256
0.108268 -7.53718e-05 2.14302e-05 7.59677e-21 -1.39106 0.494563
0.110987 -6.99608e-05 1.78456e-05 2.28727e-25 -1.51566 0.477131
0.113753 -5.88216e-05 1.48063e-05 -1.12913e-25 -1.4171 0.437536
0.116557 -6.55331e-05 1.63507e-05 -1.11472e-25 -1.44534 0.461457
0.119398 -6.95777e-05 1.73472e-05 -7.2095e-21 -1.45569 0.475249
0.122283 -7.44986e-05 1.75631e-05 1.08396e-25 -1.50268 0.491886
0.12522 -6.34918e-05 1.34714e-05 -1.07027e-25 -1.54817 0.454456
0.128202 -5.97543e-05 1.26439e-05 -5.60519e-45 -1.46028 0.440733
0.13122 -6.45202e-05 1.35808e-05 3.07563e-38 -1.50744 0.457682
0.134276 -7.37603e-05 1.5485e-05 3.43827e-37 -1.48503 0.489181
0.137377 -6.8072e-05 1.23444e-05 0 -1.61468 0.470225
0.140528 -5.82984e-05 1.04419e-05 0 -1.49546 0.435135
0.143722 -6.51421e-05 1.15718e-05 -2.21636e-37 -1.53967 0.459694
0.146955 -7.21701e-05 1.28029e-05 -9.8131e-26 -1.53157 0.483698
0.150231 -7.20373e-05 1.10834e-05 9.70279e-26 -1.62854 0.483366
0.153556 -5.92527e-05 8.10097e-06 6.28866e-21 -1.59086 0.438431
0.156925 -6.02938e-05 8.18729e-06 -9.47744e-26 -1.54606 0.442132
0.160337 -6.72069e-05 9.08781e-06 3.06414e-21 -1.57012 0.466614
0.163794 -7.21841e-05 8.71178e-06 9.24852e-26 -1.60157 0.483561
0.167298 -5.86347e-05 5.18889e-06 -2.99792e-21 -1.65759 0.435728
0.170845 -5.21694e-05 4.58713e-06 2.96919e-21 -1.52012 0.410994
0.174436 -5.86477e-05 5.1206e-06 9.18355e-41 -1.56025 0.435618
0.178074 -6.55675e-05 5.44137e-06 4.41628e-26 -1.52559 0.460563
0.181755 -5.73683e-05 2.9696e-06 4.87024e-30 -1.6256 0.430521
0.185476 -4.95939e-05 2.54539e-06 -8.66136e-26 -1.47607 0.400331
0.189242 -5.41615e-05 2.75675e-06 -1.3996e-21 -1.52444 0.418238
0.193054 -6.43287e-05 3.27629e-06 -1.38469e-21 -1.46023 0.455839
0.196909 -5.53407e-05 4.89344e-07 -3.42746e-22 -1.61288 0.422241
0.200802 -4.2462e-05 3.59286e-07 -3.39835e-22 -1.41269 0.369982
0.204742 -4.86849e-05 4.08194e-07 3.34753e-22 -1.45992 0.396098
0.20873 -5.52114e-05 4.79599e-07 2.91664e-30 -1.38586 0.421886
0.212753 -4.87031e-05 -1.28699e-06 -6.57484e-22 -1.49356 0.395699
0.216818 -3.72972e-05 -1.09947e-06 -1.35387e-29 -1.33041 0.34638
0.22093 -4.17721e-05 -1.21834e-06 -1.28542e-21 -1.3433 0.36658
0.225085 -4.45828e-05 -1.28897e-06 1.94485e-26 -1.28289 0.378802
0.229275 -4.12242e-05 -2.03232e-06 -2.29589e-41 -1.32219 0.363988
0.233513 -3.51114e-05 -1.79699e-06 -1.24611e-21 -1.22313 0.336028
0.237796 -3.75598e-05 -1.91071e-06 -1.23616e-21 -1.21515 0.347614
0.242114 -3.78546e-05 -1.9223e-06 -2.29589e-41 -1.17484 0.349077
