0.410851
0.306174
0.285624
0.568762
0.591107
0.470761
0.427373
0.472369
0.497329
0.426712
0.424143
0.362498
0.435958
0.455279
0.396262
0.373221
0.373752
0.301389
0.411654
0.388155
0.307318
0.305283
0.275193
0.270141
0.255233
0.243846
0.247664
0.226706
0.196762
0.186201
0.16421
0.145501
0.118172
0.069106
0.072006
0.120522
0.150227
0.171032
0.195722
0.214434
0.237089
0.256304
0.279417
0.299392
0.327325
0.349082
0.398544
0.388122
0.372943
0.401912
0.416761
0.440069
0.464848
0.494129
0.546144
0.600777
0.519417
0.447979
0.483197
0.485803
0.497128
0.519688
0.52555
0.587325
0.559581
0.478384
0.506464
0.502399
0.50858
0.51501
0.522169
0.533089
0.545509
0.568265
0.603157
0.689785
0.606546
0.420515
0.492519
0.484956
0.493244
0.516412
0.522746
0.592773
0.588235
0.476356
0.503491
0.517762
0.53376
0.574989
0.602679
0.752509
0.666779
0.252041
0.502611
0.498863
0.564032
0.657965
0.5264
0.333705
0.463512
0.499692
0.582637
0.428048
0.235873
0.346106
0.404604
0.387889
0.306874
0.365753
0.392047
0.228646
0.247184
0.219594
0.21316
0.20134
0.195957
0.192012
0.193969
0.20053
0.210064
0.221147
0.229674
0.236161
0.239993
0.242648
0.244945
0.247707
0.250574
0.252759
0.254124
0.25532
0.256625
0.258881
0.261027
0.26193
0.26268
0.263212
0.26423
0.265896
0.2672
0.267868
0.26956
0.271645
0.272097
0.272563
0.272643
0.272094
0.271618
0.271915
0.272551
0.27347
0.275216
0.275082
0.27671
0.27831
0.282058
0.28834
0.288041
0.293844
0.291771
0.300201
0.305259
0.300393
0.301069
0.301092
0.299552
0.312902
0.318908
0.308726
0.299467
0.31628
0.326714
0.311413
0.307169
0.302631
0.309718
0.305881
0.28793
0.273869
0.25659
0.250712
0.282676
0.147917
0.348291
0.345751
0.339011
0.343092
0.34366
0.343714
0.342916
0.345181
0.347831
0.344501
0.340964
0.348414
0.344475
0.336968
0.341294
0.340768
0.334097
0.334903
0.33589
0.331025
0.332476
0.33258
0.329271
0.333207
0.330325
0.328858
0.331529
0.326822
0.330305
0.326242
0.326688
0.325491
0.322879
0.323114
0.32001
0.319509
0.317581
0.316367
0.315946
0.314227
0.313979
0.312511
0.308672
0.308926
0.30389
0.303507
0.301728
0.299502
0.299624
0.298195
0.29449
0.291349
0.28898
0.286362
0.284252
0.281562
0.278032
0.273613
0.268822
0.265333
0.26169
0.258405
0.252027
0.247546
0.236571
0.24007
0.204471
0.244858
0.0737657
0.399463
0.38452
0.40493
0.410216
0.429825
0.435711
0.417515
0.415952
0.426409
0.433413
0.44922
0.435149
0.419794
0.434889
0.435763
0.455675
0.447511
0.429887
0.448386
0.448036
0.477907
0.461887
0.424098
0.444275
0.444043
0.468045
0.457764
0.432738
0.451068
0.451916
0.48017
0.464273
0.43631
0.461049
0.465823
0.492372
0.463007
0.43478
0.458903
0.47172
0.480525
0.451598
0.451463
0.46256
0.494563
0.477131
0.437536
0.461457
0.475249
0.491886
0.454456
0.440733
0.457682
0.489181
0.470225
0.435135
0.459694
0.483698
0.483366
0.438431
0.442132
0.466614
0.483561
0.435728
0.410994
0.435618
0.460563
0.430521
0.400331
0.418238
0.455839
0.422241
0.369982
0.396098
0.421886
0.395699
0.34638
0.36658
0.378802
0.363988
0.336028
0.347614
0.349077
